"did","sht_temperature","bmp_temperature","illuminance","bmp_pressure","sht_humidity","battery_voltage","charge_flags_charge","charge_flags_fault","date","extra"
0x816C,28.218678160919534,28.087719298245613,46.542857142857144,1023.6424293785312,38.22415730337081,4.787499999999992,0,0,Mon Jul 21 2014 11:00:00 GMT-0400 (EDT),-999
0x816C,29.0180588235294,28.86882352941177,198.14117647058825,1023.4737058823524,52.12970588235295,4.7830588235293945,0,0,Mon Jul 21 2014 13:00:00 GMT-0400 (EDT),-999
0x816C,34.56677514792902,34.41272189349113,0,1023.051656804733,37.19142011834311,4.78976331360945,0,0,Mon Jul 21 2014 15:00:00 GMT-0400 (EDT),-999
0x816C,28.478441176470604,28.357941176470568,0,1022.639882352941,33.15852941176475,4.779441176470573,0,0,Mon Jul 21 2014 17:00:00 GMT-0400 (EDT),-999
0x816C,23.226180758017485,23.09008746355685,0,1022.800903790087,31.358309037900867,4.778192419825063,0,0,Mon Jul 21 2014 19:00:00 GMT-0400 (EDT),-999
0x816C,19.24160349854227,19.096793002915454,0,1023.022390670554,30.716326530612307,4.7740524781341005,0,0,Mon Jul 21 2014 21:00:00 GMT-0400 (EDT),-999
0x816C,17.15481049562683,16.99329446064141,0,1022.7043440233226,30.547230320699786,4.76836734693877,0,0,Mon Jul 21 2014 23:00:00 GMT-0400 (EDT),-999
0x816C,16.00502923976609,15.830994152046829,0,1022.2873684210521,30.530409356725215,4.76368421052631,0,0,Tue Jul 22 2014 01:00:00 GMT-0400 (EDT),-999
0x816C,15.37383720930238,15.18982558139537,0,1022.1499709302319,30.32906976744181,4.758953488372089,0,0,Tue Jul 22 2014 03:00:00 GMT-0400 (EDT),-999
0x816C,17.13146198830407,16.88709677419355,0,1022.3017251461988,30.355847953216387,4.758362573099413,0,0,Tue Jul 22 2014 05:00:00 GMT-0400 (EDT),-999
0x816C,28.183888888888898,27.66783625730994,0,1022.2108187134512,27.46725146198827,4.76605263157894,0,0,Tue Jul 22 2014 07:00:00 GMT-0400 (EDT),-999
0x816C,35.714660766961636,35.04188790560466,0,1021.6427728613563,27.087610619469,4.767758112094388,0,0,Tue Jul 22 2014 09:00:00 GMT-0400 (EDT),-999
0x816C,36.3145882352942,35.87882352941165,0,1021.3136176470589,28.498529411764792,4.762323529411759,0,0,Tue Jul 22 2014 11:00:00 GMT-0400 (EDT),-999
0x816C,38.01308823529411,37.72529411764706,0,1020.6338823529408,27.869999999999994,4.762794117647053,0,0,Tue Jul 22 2014 13:00:00 GMT-0400 (EDT),-999
0x816C,39.638908554572275,39.423303834808294,0,1019.7473451327428,26.983775811209387,4.762507374631262,0,0,Tue Jul 22 2014 15:00:00 GMT-0400 (EDT),-999
0x816C,33.1941348973607,33.06129032258066,0,1018.883900293255,28.052199413489674,4.756041055718474,0,0,Tue Jul 22 2014 17:00:00 GMT-0400 (EDT),-999
0x816C,28.138333333333346,28.013450292397682,0,1018.4442982456136,28.83801169590638,4.753538011695907,0,0,Tue Jul 22 2014 19:00:00 GMT-0400 (EDT),-999
0x816C,25.537331378299147,25.392961876832857,0,1018.4416129032255,29.241935483870883,4.751642228739007,0,0,Tue Jul 22 2014 21:00:00 GMT-0400 (EDT),-999
0x816C,24.261078717201165,24.090962099125328,0,1017.8894169096205,29.489212827988375,4.7497084548105,0,0,Tue Jul 22 2014 23:00:00 GMT-0400 (EDT),-999
0x816C,23.455102040816342,23.25335276967932,0,1016.8898250728867,29.520408163265294,4.746355685131202,0,0,Wed Jul 23 2014 01:00:00 GMT-0400 (EDT),-999
0x816C,22.922390670553895,22.724781341107896,0,1016.1349854227401,29.5,4.74699708454811,0,0,Wed Jul 23 2014 03:00:00 GMT-0400 (EDT),-999
0x816C,23.462756598240478,23.22727272727268,0,1015.8355718475082,29.549560117302057,4.741759530791798,0,0,Wed Jul 23 2014 05:00:00 GMT-0400 (EDT),-999
0x816C,30.83333333333334,30.36783625730995,0,1015.526988304092,27.550877192982455,4.744766081871351,0,0,Wed Jul 23 2014 07:00:00 GMT-0400 (EDT),-999
0x816C,35.948082595870176,35.36430678466076,0,1014.7451622418882,27.059292035398286,4.744985250737471,0,0,Wed Jul 23 2014 09:00:00 GMT-0400 (EDT),-999
0x816C,35.74023598820066,35.36637168141604,0,1013.4596165191729,28.5501474926255,4.740914454277294,0,0,Wed Jul 23 2014 11:00:00 GMT-0400 (EDT),-999
0x816C,37.07631268436575,36.813274336283165,0,1012.5411209439536,28.20825958702066,4.743982300884964,0,0,Wed Jul 23 2014 13:00:00 GMT-0400 (EDT),-999
0x816C,38.721323529411784,38.52352941176477,0,1011.4685000000004,27.17029411764711,4.740617647058833,0,0,Wed Jul 23 2014 15:00:00 GMT-0400 (EDT),-999
0x816C,32.86549999999998,32.734999999999985,0,1010.5181470588246,27.94205882352939,4.735941176470599,0,0,Wed Jul 23 2014 17:00:00 GMT-0400 (EDT),-999
0x816C,27.91602339181287,27.79152046783621,0,1010.7885087719308,28.772807017543794,4.73181286549709,0,0,Wed Jul 23 2014 19:00:00 GMT-0400 (EDT),-999
0x816C,25.829008746355644,25.675510204081586,0,1011.0467346938779,29.435568513119698,4.734635568513133,0,0,Wed Jul 23 2014 21:00:00 GMT-0400 (EDT),-999
0x816C,25.314005847953215,25.130701754385925,0,1010.1099122807018,29.9634502923977,4.72757309941522,0,0,Wed Jul 23 2014 23:00:00 GMT-0400 (EDT),-999
0x816C,24.61194117647057,24.411176470588153,0,1008.7797352941172,30.19588235294109,4.726676470588253,0,0,Thu Jul 24 2014 01:00:00 GMT-0400 (EDT),-999
0x816C,23.851906158357764,23.64398826979472,0,1008.6532551319644,30.361290322580473,4.7228152492668825,0,0,Thu Jul 24 2014 03:00:00 GMT-0400 (EDT),-999
0x816C,24.29442815249262,24.06246334310854,0,1009.162551319649,30.538416422287547,4.719736070381249,0,0,Thu Jul 24 2014 05:00:00 GMT-0400 (EDT),-999
0x816C,31.75565982404689,31.294428152492646,0,1009.6326686217006,28.512903225806472,4.7224633431085214,0,0,Thu Jul 24 2014 07:00:00 GMT-0400 (EDT),-999
0x816C,32.465982404692085,32.138123167155456,0,1010.858973607037,27.20029325513191,4.7237829912023654,0,0,Thu Jul 24 2014 09:00:00 GMT-0400 (EDT),-999
0x816C,27.66365497076022,27.49561403508771,0,1011.6956725146198,27.924853801169654,4.716754385964933,0,0,Thu Jul 24 2014 11:00:00 GMT-0400 (EDT),-999
0x816C,30.76388235294117,30.543823529411753,0,1011.7491176470592,28.095588235294123,4.7189117647059025,0,0,Thu Jul 24 2014 13:00:00 GMT-0400 (EDT),-999
0x816C,30.72406432748538,30.539766081871342,0,1011.7654385964903,27.503216374269098,4.718245614035108,0,0,Thu Jul 24 2014 15:00:00 GMT-0400 (EDT),-999
0x816C,26.913265306122465,26.752478134110852,0,1011.8744897959189,28.160058309037986,4.718309037900896,0,0,Thu Jul 24 2014 17:00:00 GMT-0400 (EDT),-999
0x816C,23.749677419354846,23.592961876832845,0,1012.129677419354,29.02404692082112,4.71120234604108,0,0,Thu Jul 24 2014 19:00:00 GMT-0400 (EDT),-999
0x816C,19.905481049562695,19.753935860058288,0,1013.2082215743443,29.695043731778515,4.7046355685131465,0,0,Thu Jul 24 2014 21:00:00 GMT-0400 (EDT),-999
0x816C,19.478888888888893,19.28450292397668,0,1013.6693859649117,30.46345029239764,4.7044736842105515,0,0,Thu Jul 24 2014 23:00:00 GMT-0400 (EDT),-999
0x816C,18.738333333333323,18.541520467836197,0,1013.6299707602333,30.630701754386035,4.698684210526343,0,0,Fri Jul 25 2014 01:00:00 GMT-0400 (EDT),-999
0x816C,18.24335276967933,18.041107871720047,0,1014.0172303206998,30.84985422740521,4.700087463556877,0,0,Fri Jul 25 2014 03:00:00 GMT-0400 (EDT),-999
0x816C,17.56671511627907,17.360174418604664,0,1014.7955232558144,31.046802325581453,4.700348837209328,0,0,Fri Jul 25 2014 05:00:00 GMT-0400 (EDT),-999
0x816C,26.934590643274845,26.423099415204682,0,1015.5718713450287,28.44678362573102,4.704152046783649,0,0,Fri Jul 25 2014 07:00:00 GMT-0400 (EDT),-999
0x816C,32.75947214076246,32.120527859237505,0,1016.481612903226,27.211436950146638,4.702375366568939,0,0,Fri Jul 25 2014 09:00:00 GMT-0400 (EDT),-999
0x816C,30.773918128655005,30.45614035087719,0,1016.4895614035089,29.115789473684163,4.701374269005874,0,0,Fri Jul 25 2014 11:00:00 GMT-0400 (EDT),-999
0x816C,34.5309705882353,34.33882352941177,0,1015.8096176470585,28.197941176470582,4.699264705882378,0,0,Fri Jul 25 2014 13:00:00 GMT-0400 (EDT),-999
0x816C,40.157235294117626,39.995882352941194,0,1015.6612941176473,26.005294117647026,4.701588235294142,0,0,Fri Jul 25 2014 15:00:00 GMT-0400 (EDT),-999
0x816C,31.801474926253682,31.69233038348084,0,1015.6877876106207,27.129793510324436,4.695073746312706,0,0,Fri Jul 25 2014 17:00:00 GMT-0400 (EDT),-999
0x816C,26.023156342182904,25.92359882005899,0,1015.8423823529417,28.374411764705847,4.693294117647081,0,0,Fri Jul 25 2014 19:00:00 GMT-0400 (EDT),-999
0x816C,22.817017543859656,22.68801169590644,0,1016.7267836257313,29.208771929824564,4.6873684210526525,0,0,Fri Jul 25 2014 21:00:00 GMT-0400 (EDT),-999
0x816C,21.059241982507295,20.89504373177843,0,1016.9798250728859,29.929154518950593,4.685801749271158,0,0,Fri Jul 25 2014 23:00:00 GMT-0400 (EDT),-999
0x816C,20.041282798833784,19.86763848396509,0,1016.6813702623917,30.553061224489973,4.683702623906722,0,0,Sat Jul 26 2014 01:00:00 GMT-0400 (EDT),-999
0x816C,18.68116279069766,18.494186046511622,0,1016.6082848837204,30.74593023255796,4.682877906976759,0,0,Sat Jul 26 2014 03:00:00 GMT-0400 (EDT),-999
0x816C,18.478944281524928,18.26275659824047,0,1016.972580645161,31.31700879765389,4.679002932551333,0,0,Sat Jul 26 2014 05:00:00 GMT-0400 (EDT),-999
0x816C,25.42849999999998,25.026470588235277,0,1017.1295294117648,29.390294117646985,4.680294117647072,0,0,Sat Jul 26 2014 07:00:00 GMT-0400 (EDT),-999
0x816C,31.779005847953222,31.249707602339154,0,1016.8349415204679,28.15438596491225,4.683245614035103,0,0,Sat Jul 26 2014 09:00:00 GMT-0400 (EDT),-999
0x816C,34.17357142857142,33.77910447761197,0,1016.1101190476194,28.27500000000001,4.686190476190492,0,0,Sat Jul 26 2014 11:00:00 GMT-0400 (EDT),-999
0x816C,34.608294117647056,34.3264705882353,0,1015.0609117647062,28.142352941176455,4.682882352941191,0,0,Sat Jul 26 2014 13:00:00 GMT-0400 (EDT),-999
0x816C,34.61203539823008,34.373746312684354,0,1014.6661651917408,27.590560471976335,4.683215339233054,0,0,Sat Jul 26 2014 15:00:00 GMT-0400 (EDT),-999
0x816C,30.24508771929824,30.068713450292353,0,1014.5630701754375,28.25029239766072,4.681812865497089,0,0,Sat Jul 26 2014 17:00:00 GMT-0400 (EDT),-999
0x816C,26.54482352941177,26.397352941176468,0,1014.4444705882358,28.90999999999998,4.6776176470588355,0,0,Sat Jul 26 2014 19:00:00 GMT-0400 (EDT),-999
0x816C,23.16012012012012,23.015915915915908,0,1014.9370870870875,29.782282282282363,4.67639639639641,0,0,Sat Jul 26 2014 21:00:00 GMT-0400 (EDT),-999
0x816C,22.094327485380095,21.917836257309943,0,1014.4729824561407,30.52923976608186,4.670818713450307,0,0,Sat Jul 26 2014 23:00:00 GMT-0400 (EDT),-999
0x816C,20.958950437317796,20.865306122448988,0,1013.7170845481047,31.210204081632725,4.66976676384841,0,0,Sun Jul 27 2014 01:00:00 GMT-0400 (EDT),-999
0x816C,18.530825958702096,18.529203539822994,0,1013.0049852507373,32.1946902654867,4.674631268436595,0,0,Sun Jul 27 2014 03:00:00 GMT-0400 (EDT),-999
0x816C,18.44513119533527,18.37463556851312,0,1012.4570262390671,32.88221574344016,4.662857142857159,0,0,Sun Jul 27 2014 05:00:00 GMT-0400 (EDT),-999
0x816C,26.334896755162234,25.964896755162222,0,1011.8389085545723,30.043362831858357,4.668820058997065,0,0,Sun Jul 27 2014 07:00:00 GMT-0400 (EDT),-999
0x816C,30.707602339181296,30.307017543859683,0,1011.4720467836256,28.833918128655085,4.67149122807019,0,0,Sun Jul 27 2014 09:00:00 GMT-0400 (EDT),-999
0x816C,31.136158357771237,30.81964809384161,0,1010.764193548388,28.500000000000053,4.6726979472140915,0,0,Sun Jul 27 2014 11:00:00 GMT-0400 (EDT),-999
0x816C,26.984122807017528,26.75701754385955,0,1009.9342105263162,29.501754385964755,4.667777777777794,0,0,Sun Jul 27 2014 13:00:00 GMT-0400 (EDT),-999
0x816C,28.74877192982459,28.490935672514652,0,1008.5274853801176,29.545321637426806,4.665146198830427,0,0,Sun Jul 27 2014 15:00:00 GMT-0400 (EDT),-999
0x816C,27.05545454545449,26.92463343108505,0,1007.5840175953076,29.987096774193507,4.6612316715542725,0,0,Sun Jul 27 2014 17:00:00 GMT-0400 (EDT),-999
0x816C,23.777147058823516,23.76529411764701,0,1007.2963235294114,31.74617647058825,4.658588235294136,0,0,Sun Jul 27 2014 19:00:00 GMT-0400 (EDT),-999
0x816C,22.352543859649174,22.328654970760265,0,1007.58283625731,32.645029239765904,4.6560233918128855,0,0,Sun Jul 27 2014 21:00:00 GMT-0400 (EDT),-999
0x816C,21.822660818713537,21.773099415204655,0,1007.0296783625741,33.04327485380144,4.655116959064348,0,0,Sun Jul 27 2014 23:00:00 GMT-0400 (EDT),-999
0x816C,21.910409356725136,21.84473684210515,0,1006.2190058479537,33.33128654970752,4.651052631578966,0,0,Mon Jul 28 2014 01:00:00 GMT-0400 (EDT),-999
0x816C,21.8485131195335,21.785714285714356,0,1005.3682507288624,33.36851311953327,4.656151603498562,0,0,Mon Jul 28 2014 03:00:00 GMT-0400 (EDT),-999
0x816C,22.102215743440215,22.023323615160418,0,1004.9332944606407,33.541107871720286,4.65918367346941,0,0,Mon Jul 28 2014 05:00:00 GMT-0400 (EDT),-999
0x816C,23.64014705882353,23.506764705882325,0,1004.0514369501453,33.52052785923762,4.651847507331399,0,0,Mon Jul 28 2014 07:00:00 GMT-0400 (EDT),-999
0x816C,29.135454545454554,28.778592375366546,0,1002.7517595307916,31.7067448680352,4.654340175953098,0,0,Mon Jul 28 2014 09:00:00 GMT-0400 (EDT),-999
0x816C,32.47117647058823,32.107647058823645,0,1002.7815294117639,30.53941176470584,4.6563235294117815,0,0,Mon Jul 28 2014 11:00:00 GMT-0400 (EDT),-999
0x816C,34.844750733137786,34.53343108504404,0,1001.2492961876839,29.798826979472093,4.654369501466299,0,0,Mon Jul 28 2014 13:00:00 GMT-0400 (EDT),-999
0x816C,36.25327433628317,35.99793510324484,0,1000.186666666667,28.97197640117993,4.654660766961672,0,0,Mon Jul 28 2014 15:00:00 GMT-0400 (EDT),-999
0x816C,31.759444444444444,31.59619883040934,0,1000.0972514619876,29.689181286549704,4.6556140350877415,0,0,Mon Jul 28 2014 17:00:00 GMT-0400 (EDT),-999
0x816C,27.124502923976607,27.03508771929823,0,1001.2416959064341,30.699122807017613,4.653654970760252,0,0,Mon Jul 28 2014 19:00:00 GMT-0400 (EDT),-999
0x816C,23.349736842105255,23.38304093567252,0,1002.3943274853799,32.4640350877192,4.644941520467857,0,0,Mon Jul 28 2014 21:00:00 GMT-0400 (EDT),-999
0x816C,20.759212827988335,20.78862973760934,0,1002.5699999999998,33.23469387755098,4.643411078717216,0,0,Mon Jul 28 2014 23:00:00 GMT-0400 (EDT),-999
0x816C,19.1359183673469,19.14460641399415,0,1003.8870262390667,33.63586005830927,4.643469387755122,0,0,Tue Jul 29 2014 01:00:00 GMT-0400 (EDT),-999
0x816C,17.832005813953476,17.830523255813954,0,1005.4959883720934,33.80290697674405,4.637936046511647,0,0,Tue Jul 29 2014 03:00:00 GMT-0400 (EDT),-999
0x816C,16.974824561403498,16.934795321637438,0,1007.3216959064317,34.29122807017543,4.63947368421054,0,0,Tue Jul 29 2014 05:00:00 GMT-0400 (EDT),-999
0x816C,26.75002923976608,26.279824561403522,0,1008.719941520467,30.503216374269012,4.646081871345048,0,0,Tue Jul 29 2014 07:00:00 GMT-0400 (EDT),-999
0x816C,34.007758112094415,33.33727810650889,0,1009.9870501474919,28.344542772861413,4.647227138643086,0,0,Tue Jul 29 2014 09:00:00 GMT-0400 (EDT),-999
0x816C,32.39712609970675,32.07331378299118,0,1010.6236070381236,30.36598240469213,4.640645161290342,0,0,Tue Jul 29 2014 11:00:00 GMT-0400 (EDT),-999
0x816C,33.066832844574805,32.87155425219944,0,1011.4637536656899,29.510557184750766,4.647419354838732,0,0,Tue Jul 29 2014 13:00:00 GMT-0400 (EDT),-999
0x816C,35.19900293255132,35.03196480938408,0,1012.2009384164216,28.53108504398832,4.644281524926705,0,0,Tue Jul 29 2014 15:00:00 GMT-0400 (EDT),-999
0x816C,30.113929618768346,29.967448680351893,0,1012.9565102639311,28.826099706744866,4.6402052785923855,0,0,Tue Jul 29 2014 17:00:00 GMT-0400 (EDT),-999
0x816C,24.982932551319653,24.849266862170083,0,1013.972316715542,30.229618768328525,4.6364516129032385,0,0,Tue Jul 29 2014 19:00:00 GMT-0400 (EDT),-999
0x816C,20.931603498542287,20.815160349854256,0,1014.7692128279882,31.277842565597624,4.633119533527698,0,0,Tue Jul 29 2014 21:00:00 GMT-0400 (EDT),-999
0x816C,16.3159475218659,16.399999999999924,0,1015.5426239067053,33.02886297376096,4.633119533527689,0,0,Tue Jul 29 2014 23:00:00 GMT-0400 (EDT),-999
0x816C,14.433662790697689,14.487209302325606,0,1015.5825581395347,33.868023255814016,4.62340116279068,0,0,Wed Jul 30 2014 01:00:00 GMT-0400 (EDT),-999
0x816C,12.374331395348849,12.430232558139528,0,1015.6756395348839,34.272674418604566,4.619970930232534,0,0,Wed Jul 30 2014 03:00:00 GMT-0400 (EDT),-999
0x816C,11.149093567251454,11.176608187134535,0,1016.602280701755,34.88508771929821,4.63307017543858,0,0,Wed Jul 30 2014 05:00:00 GMT-0400 (EDT),-999
0x816C,24.225659824046918,23.680058651026396,0,1017.2615249266863,30.35571847507329,4.629354838709686,0,0,Wed Jul 30 2014 07:00:00 GMT-0400 (EDT),-999
0x816C,34.50803519061583,33.785630498533656,0,1017.3387390029322,26.61876832844578,4.6330791788856285,0,0,Wed Jul 30 2014 09:00:00 GMT-0400 (EDT),-999
0x816C,33.36702941176468,33.007352941176435,0,1017.2743235294123,28.087058823529404,4.633088235294116,0,0,Wed Jul 30 2014 11:00:00 GMT-0400 (EDT),-999
0x816C,35.60247058823527,35.36529411764699,0,1016.840264705882,28.570000000000007,4.629617647058828,0,0,Wed Jul 30 2014 13:00:00 GMT-0400 (EDT),-999
0x816C,37.605794117647,37.41147058823525,0,1016.7471764705879,27.6944117647059,4.630000000000002,0,0,Wed Jul 30 2014 15:00:00 GMT-0400 (EDT),-999
0x816C,30.51419354838709,30.36950146627566,0,1017.0921994134901,28.536070381231745,4.628445747800579,0,0,Wed Jul 30 2014 17:00:00 GMT-0400 (EDT),-999
0x816C,24.56239644970415,24.44792899408285,0,1017.9903254437864,29.74881656804733,4.624112426035485,0,0,Wed Jul 30 2014 19:00:00 GMT-0400 (EDT),-999
0x816C,20.029651162790707,19.96337209302327,0,1018.8302034883725,31.028197674418582,4.620261627906955,0,0,Wed Jul 30 2014 21:00:00 GMT-0400 (EDT),-999
0x816C,16.559853372434027,16.624926686217016,0,1019.0980058651032,32.97302052785927,4.624222873900268,0,0,Wed Jul 30 2014 23:00:00 GMT-0400 (EDT),-999
0x816C,14.35819767441864,14.406976744186105,0,1019.2088081395341,33.61860465116272,4.619534883720907,0,0,Thu Jul 31 2014 01:00:00 GMT-0400 (EDT),-999
0x816C,13.455930232558108,13.47122093023259,0,1019.617558139536,34.08459302325605,4.617674418604627,0,0,Thu Jul 31 2014 03:00:00 GMT-0400 (EDT),-999
0x816C,13.453236151603514,13.413994169096192,0,1020.3634693877556,34.5728862973762,4.614285714285693,0,0,Thu Jul 31 2014 05:00:00 GMT-0400 (EDT),-999
0x816C,24.516647230320714,24.016034985422735,0,1021.0121282798845,30.690379008746348,4.617376093294443,0,0,Thu Jul 31 2014 07:00:00 GMT-0400 (EDT),-999
0x816C,33.17325513196495,32.51495601173039,0,1021.0941348973608,27.660703812316676,4.619296187683266,0,0,Thu Jul 31 2014 09:00:00 GMT-0400 (EDT),-999
0x816C,32.57117994100299,32.18997050147481,0,1021.2583775811217,29.947197640118134,4.617964601769887,0,0,Thu Jul 31 2014 11:00:00 GMT-0400 (EDT),-999
0x816C,34.02476470588234,33.75970588235297,0,1021.0502647058825,29.875294117647005,4.6156176470588,0,0,Thu Jul 31 2014 13:00:00 GMT-0400 (EDT),-999
0x816C,36.45133136094672,36.246153846153824,0,1021.1855621301783,28.407988165680553,4.617248520710039,0,0,Thu Jul 31 2014 15:00:00 GMT-0400 (EDT),-999
0x816C,30.522514619883026,30.3906432748538,0,1021.299093567251,29.067836257310017,4.615350877192958,0,0,Thu Jul 31 2014 17:00:00 GMT-0400 (EDT),-999
0x816C,25.757368421052632,25.62368421052633,0,1022.0653216374275,30.365497076023313,4.612017543859627,0,0,Thu Jul 31 2014 19:00:00 GMT-0400 (EDT),-999
0x816C,22.78798833819242,22.629737609329453,0,1023.0513702623912,31.316909620991172,4.611574344023301,0,0,Thu Jul 31 2014 21:00:00 GMT-0400 (EDT),-999
0x816C,20.710291545189506,20.60728862973761,0,1023.2227113702619,32.346064139941696,4.609008746355664,0,0,Thu Jul 31 2014 23:00:00 GMT-0400 (EDT),-999
0x816C,18.93228070175435,18.90643274853814,0,1023.2099415204683,33.64444444444436,4.610292397660798,0,0,Fri Aug 01 2014 01:00:00 GMT-0400 (EDT),-999
0x816C,18.451671554252172,18.415542521994162,0,1023.3566862170081,34.01818181818191,4.607096774193527,0,0,Fri Aug 01 2014 03:00:00 GMT-0400 (EDT),-999
0x816C,18.059122807017538,17.997368421052634,0,1023.866812865498,34.27192982456141,4.6039473684210295,0,0,Fri Aug 01 2014 05:00:00 GMT-0400 (EDT),-999
0x816C,26.65198830409355,26.21169590643274,0,1024.3847660818715,31.605263157894715,4.609385964912262,0,0,Fri Aug 01 2014 07:00:00 GMT-0400 (EDT),-999
0x816C,35.54549999999988,34.942058823529514,0,1024.9397941176462,28.399411764705885,4.612411764705859,0,0,Fri Aug 01 2014 09:00:00 GMT-0400 (EDT),-999
0x816C,37.10046920821114,36.68709677419367,0,1025.1332844574779,29.07888563049861,4.610146627565961,0,0,Fri Aug 01 2014 11:00:00 GMT-0400 (EDT),-999
0x816C,36.91920118343199,36.6068047337278,0,1024.9522485207103,28.93727810650883,4.613076923076901,0,0,Fri Aug 01 2014 13:00:00 GMT-0400 (EDT),-999
0x816C,35.04375366568913,34.79589442815247,0,1024.6016715542514,29.057184750733267,4.609853372433997,0,0,Fri Aug 01 2014 15:00:00 GMT-0400 (EDT),-999
0x816C,31.265818713450287,31.07456140350877,0,1024.9179239766083,29.7441520467837,4.610584795321619,0,0,Fri Aug 01 2014 17:00:00 GMT-0400 (EDT),-999
0x816C,27.15231671554252,26.989442815249248,0,1025.0802346041062,30.797653958944363,4.6075659824046715,0,0,Fri Aug 01 2014 19:00:00 GMT-0400 (EDT),-999
0x816C,24.088391812865495,23.98771929824561,0,1025.0218713450301,31.945029239766132,4.60532163742688,0,0,Fri Aug 01 2014 21:00:00 GMT-0400 (EDT),-999
0x816C,21.12926470588236,21.127352941176476,0,1025.1439117647058,33.70529411764698,4.602499999999981,0,0,Fri Aug 01 2014 23:00:00 GMT-0400 (EDT),-999
0x816C,19.860410557184768,19.836363636363647,0,1024.8993255131968,34.15014662756607,4.598621700879747,0,0,Sat Aug 02 2014 01:00:00 GMT-0400 (EDT),-999
0x816C,18.891137026239036,18.850728862973835,0,1024.3367346938776,34.39825072886285,4.600233236151583,0,0,Sat Aug 02 2014 03:00:00 GMT-0400 (EDT),-999
0x816C,18.440176470588224,18.379117647058887,0,1024.339647058823,34.65176470588242,4.5969705882352745,0,0,Sat Aug 02 2014 05:00:00 GMT-0400 (EDT),-999
0x816C,19.619125364431525,19.503790087463578,0,1024.9879883381927,34.99970845481044,4.5966472303206825,0,0,Sat Aug 02 2014 07:00:00 GMT-0400 (EDT),-999
0x816C,20.398866279069793,20.27354651162799,0,1025.0042441860462,34.74244186046525,4.597296511627886,0,0,Sat Aug 02 2014 09:00:00 GMT-0400 (EDT),-999
0x816C,20.240029154518943,20.153644314868853,0,1024.326793002915,34.473760932944636,4.593002915451876,0,0,Sat Aug 02 2014 11:00:00 GMT-0400 (EDT),-999
0x816C,18.54270348837211,18.491860465116314,0,1020.893313953488,41.397674418604716,4.593749999999984,0,0,Sat Aug 02 2014 13:00:00 GMT-0400 (EDT),-999
0x816C,18.497580174927098,18.431778425655967,0,1024.472448979592,52.361516034985435,4.589125364431469,0,0,Sat Aug 02 2014 15:00:00 GMT-0400 (EDT),-999
0x816C,18.501831395348834,18.43343023255817,0,1024.019040697674,54.15406976744185,4.5877906976744045,0,0,Sat Aug 02 2014 17:00:00 GMT-0400 (EDT),-999
0x816C,17.453684210526315,17.40789473684217,0,1021.2509649122804,54.730994152046954,4.591023391812851,0,0,Sat Aug 02 2014 19:00:00 GMT-0400 (EDT),-999
0x816C,16.960728862973745,16.915743440233253,0,1020.950174927114,58.37959183673466,4.5860349854227245,0,0,Sat Aug 02 2014 21:00:00 GMT-0400 (EDT),-999
0x816C,16.764781341107817,16.706122448979606,0,1020.7046938775516,60.24344023323604,4.584868804664711,0,0,Sat Aug 02 2014 23:00:00 GMT-0400 (EDT),-999
0x816C,16.753070175438673,16.68538011695899,0,1020.9871929824567,60.78654970760224,4.587163742690048,0,0,Sun Aug 03 2014 01:00:00 GMT-0400 (EDT),-999
0x816C,16.787397660818762,16.738596491227963,0,1021.122982456141,62.02982456140355,4.58225146198829,0,0,Sun Aug 03 2014 03:00:00 GMT-0400 (EDT),-999
0x816C,16.783459302325603,16.725290697674357,0,1021.3256686046519,63.16046511627911,4.58017441860464,0,0,Sun Aug 03 2014 05:00:00 GMT-0400 (EDT),-999
0x816C,17.884169096209906,17.79300291545189,0,1024.8313702623907,63.469387755102034,4.579591836734683,0,0,Sun Aug 03 2014 07:00:00 GMT-0400 (EDT),-999
0x816C,20.17889733840302,19.989353612167296,0,1030.5959315589355,60.74410646387834,4.580950570342207,0,0,Sun Aug 03 2014 09:00:00 GMT-0400 (EDT),-999
0x816C,33.29974358974359,33.002564102564115,0,1018.1302564102565,52.98974358974359,4.569999999999999,0,0,Mon Aug 04 2014 11:00:00 GMT-0400 (EDT),-999
0x816C,33.97217647058822,33.70705882352946,0,1017.9626470588231,53.0723529411765,4.5777352941176375,0,0,Mon Aug 04 2014 13:00:00 GMT-0400 (EDT),-999
0x816C,36.307617647058805,36.08029411764702,0,1017.5333235294115,51.21882352941177,4.576294117647047,0,0,Mon Aug 04 2014 15:00:00 GMT-0400 (EDT),-999
0x816C,31.128731563421837,30.98849557522124,0,1017.7581120943953,53.249262536873175,4.572743362831844,0,0,Mon Aug 04 2014 17:00:00 GMT-0400 (EDT),-999
0x816C,26.83014577259476,26.74373177842565,0,1017.9810204081634,57.64897959183671,4.575510204081619,0,0,Mon Aug 04 2014 19:00:00 GMT-0400 (EDT),-999
0x816C,22.82699708454811,22.871137026239065,0,1018.4729154518948,63.497667638483925,4.574169096209896,0,0,Mon Aug 04 2014 21:00:00 GMT-0400 (EDT),-999
0x816C,21.284518950437306,21.29387755102044,0,1018.1628279883383,66.24431486880471,4.567551020408145,0,0,Mon Aug 04 2014 23:00:00 GMT-0400 (EDT),-999
0x816C,20.71069970845475,20.67638483965022,0,1017.7972011661799,67.79504373177842,4.568338192419807,0,0,Tue Aug 05 2014 01:00:00 GMT-0400 (EDT),-999
0x816C,20.141224489795892,20.124489795918358,0,1017.5575218658895,69.00437317784274,4.569125364431467,0,0,Tue Aug 05 2014 03:00:00 GMT-0400 (EDT),-999
0x816C,19.87822674418605,19.83488372093024,0,1017.8791860465135,70.72848837209311,4.5688662790697485,0,0,Tue Aug 05 2014 05:00:00 GMT-0400 (EDT),-999
0x816C,26.220234604105595,25.86363636363637,0,1018.1801466275665,65.78093841642229,4.570410557184735,0,0,Tue Aug 05 2014 07:00:00 GMT-0400 (EDT),-999
0x816C,36.46697947214082,35.84868035190608,0,1018.3132258064512,53.54134897360698,4.567888563049838,0,0,Tue Aug 05 2014 09:00:00 GMT-0400 (EDT),-999
0x816C,35.666363636363656,35.35777126099703,0,1017.9664809384161,57.08973607038134,4.573900293255116,0,0,Tue Aug 05 2014 11:00:00 GMT-0400 (EDT),-999
0x816C,36.55728358208957,36.379701492537265,0,1016.5472835820898,57.97850746268651,4.573402985074612,0,0,Tue Aug 05 2014 13:00:00 GMT-0400 (EDT),-999
0x816C,39.96781065088755,39.79674556213012,0,1015.3104142011825,52.665680473372824,4.575414201183414,0,0,Tue Aug 05 2014 15:00:00 GMT-0400 (EDT),-999
0x816C,32.92597058823526,32.83852941176469,0,1014.8847647058822,56.1558823529411,4.568735294117634,0,0,Tue Aug 05 2014 17:00:00 GMT-0400 (EDT),-999
0x816C,27.913126843657814,27.84867256637164,0,1014.6449557522119,60.572861356932165,4.572625368731547,0,0,Tue Aug 05 2014 19:00:00 GMT-0400 (EDT),-999
0x816C,25.279591836734713,25.209620991253644,0,1014.4427988338196,64.1728862973761,4.569300291545172,0,0,Tue Aug 05 2014 21:00:00 GMT-0400 (EDT),-999
0x816C,22.298629737609332,22.349562682215765,0,1013.671895043732,68.22390670553928,4.570612244897939,0,0,Tue Aug 05 2014 23:00:00 GMT-0400 (EDT),-999
0x816C,20.26743440233237,20.313119533527697,0,1012.3042565597664,70.7180758017492,4.561661807580156,0,0,Wed Aug 06 2014 01:00:00 GMT-0400 (EDT),-999
0x816C,18.605584795321626,18.649415204678313,0,1011.9087134502917,72.44824561403509,4.558099415204655,0,0,Wed Aug 06 2014 03:00:00 GMT-0400 (EDT),-999
0x816C,18.1337609329446,18.138483965014586,0,1011.6558600583085,74.53411078717203,4.558979591836712,0,0,Wed Aug 06 2014 05:00:00 GMT-0400 (EDT),-999
0x816C,21.172944606413992,21.04256559766761,0,1011.5511661807582,74.18804664723038,4.5626239067055145,0,0,Wed Aug 06 2014 07:00:00 GMT-0400 (EDT),-999
0x816C,25.0856559766764,24.85743440233236,0,1017.518221574344,69.65860058309038,4.560524781341085,0,0,Wed Aug 06 2014 09:00:00 GMT-0400 (EDT),-999
0x816C,31.808318584070765,31.471386430678475,0,1023.1653687315634,62.74837758112098,4.5624483775811004,0,0,Wed Aug 06 2014 11:00:00 GMT-0400 (EDT),-999
0x816C,31.532588235294106,31.333529411764726,0,1010.6808529411769,61.79617647058823,4.559176470588214,0,0,Wed Aug 06 2014 13:00:00 GMT-0400 (EDT),-999
0x816C,30.984852941176488,30.843529411764692,0,1012.7019411764722,61.16794117647056,4.560617647058806,0,0,Wed Aug 06 2014 15:00:00 GMT-0400 (EDT),-999
0x816C,25.97651026392961,25.950439882697975,0,1005.0331671554252,68.01847507331377,4.558885630498512,0,0,Wed Aug 06 2014 17:00:00 GMT-0400 (EDT),-999
0x816C,21.958837209302324,22.04622093023257,0,1003.7726162790696,74.50145348837208,4.5543895348837005,0,0,Wed Aug 06 2014 19:00:00 GMT-0400 (EDT),-999
0x816C,19.154604105571853,19.23284457478006,0,1006.6528445747799,78.85571847507347,4.5507917888562845,0,0,Wed Aug 06 2014 21:00:00 GMT-0400 (EDT),-999
0x816C,17.23084795321638,17.321637426900583,0,1007.4841812865501,80.90146198830432,4.546842105263139,0,0,Wed Aug 06 2014 23:00:00 GMT-0400 (EDT),-999
0x816C,15.016268221574332,15.115160349854206,0,1008.1449271137028,82.68104956268225,4.54871720116616,0,0,Thu Aug 07 2014 01:00:00 GMT-0400 (EDT),-999
0x816C,13.76688953488373,13.841279069767443,0,1009.8282558139538,84.88604651162792,4.551453488372073,0,0,Thu Aug 07 2014 03:00:00 GMT-0400 (EDT),-999
0x816C,13.246052631578944,13.283918128655012,0,1012.6354093567256,88.59678362573102,4.547426900584778,0,0,Thu Aug 07 2014 05:00:00 GMT-0400 (EDT),-999
0x816C,24.186529411764703,23.680882352941175,0,1025.8346470588235,76.29470588235297,4.549705882352919,0,0,Thu Aug 07 2014 07:00:00 GMT-0400 (EDT),-999
0x816C,31.96089041095893,31.284931506849375,0,1026.3623972602743,61.63219178082188,4.551986301369859,0,0,Thu Aug 07 2014 09:00:00 GMT-0400 (EDT),-999
0x816C,20.627278911564634,20.563265306122446,0,1007.386462585035,72.00476190476188,4.542653061224485,0,0,Thu Aug 07 2014 19:00:00 GMT-0400 (EDT),-999
0x816C,16.75869186046513,16.89796511627907,0,1006.6701744186042,76.92063953488375,4.544912790697655,0,0,Thu Aug 07 2014 21:00:00 GMT-0400 (EDT),-999
0x816C,13.884781341107878,14.018658892128276,0,1011.1773760932947,81.99970845481045,4.543090379008731,0,0,Thu Aug 07 2014 23:00:00 GMT-0400 (EDT),-999
0x816C,13.530466472303218,13.601749271137004,0,1014.8576384839663,88.09650145772608,4.54177842565596,0,0,Fri Aug 08 2014 01:00:00 GMT-0400 (EDT),-999
0x816C,12.406715116279072,12.486627906976763,0,1013.4197965116279,87.46976744186045,4.541511627906962,0,0,Fri Aug 08 2014 03:00:00 GMT-0400 (EDT),-999
0x816C,11.850058139534879,11.898546511627924,0,1016.522005813954,91.50348837209307,4.5386046511627764,0,0,Fri Aug 08 2014 05:00:00 GMT-0400 (EDT),-999
0x816C,23.476793002915464,22.93848396501458,0,1031.163877551021,80.03702623906703,4.542186588921261,0,0,Fri Aug 08 2014 07:00:00 GMT-0400 (EDT),-999
0x816C,31.587294117647037,30.939411764705785,0,1030.466264705882,64.36911764705877,4.537294117647041,0,0,Fri Aug 08 2014 09:00:00 GMT-0400 (EDT),-999
0x816C,30.364532163742705,30.052631578947246,0,1017.6485964912277,71.33801169590656,4.541578947368402,0,0,Fri Aug 08 2014 11:00:00 GMT-0400 (EDT),-999
0x816C,32.76152492668621,32.62287390029325,0,1017.3027272727273,73.9269794721407,4.53856304985335,0,0,Fri Aug 08 2014 13:00:00 GMT-0400 (EDT),-999
0x816C,39.40464705882355,39.31647058823531,0,1016.9261764705886,62.55676470588235,4.542999999999981,0,0,Fri Aug 08 2014 15:00:00 GMT-0400 (EDT),-999
0x816C,31.49131964809383,31.43577712609973,0,1016.8251612903227,65.26099706744866,4.540469208211126,0,0,Fri Aug 08 2014 17:00:00 GMT-0400 (EDT),-999
0x816C,25.398099415204676,25.364912280701784,0,1017.4783625730988,69.2695906432748,4.5402923976608,0,0,Fri Aug 08 2014 19:00:00 GMT-0400 (EDT),-999
0x816C,21.309825072886294,21.27609329446064,0,1017.9442857142868,71.77900874635571,4.541137026239051,0,0,Fri Aug 08 2014 21:00:00 GMT-0400 (EDT),-999
0x816C,18.288982558139526,18.300000000000015,0,1017.8544476744188,75.99098837209297,4.534854651162774,0,0,Fri Aug 08 2014 23:00:00 GMT-0400 (EDT),-999
0x816C,15.202761627906973,15.33546511627908,0,1017.7566279069769,81.96133720930244,4.533866279069751,0,0,Sat Aug 09 2014 01:00:00 GMT-0400 (EDT),-999
0x816C,13.919709302325568,14.01308139534887,0,1017.9892151162788,85.7412790697675,4.535523255813939,0,0,Sat Aug 09 2014 03:00:00 GMT-0400 (EDT),-999
0x816C,13.614181286549709,13.655847953216348,0,1018.8199707602332,90.662865497076,4.534327485380104,0,0,Sat Aug 09 2014 05:00:00 GMT-0400 (EDT),-999
0x816C,26.51775147928994,25.96893491124259,0,1019.6633628318581,77.89616519174041,4.534778761061928,0,0,Sat Aug 09 2014 07:00:00 GMT-0400 (EDT),-999
0x816C,32.72131578947371,32.12602339181286,0,1020.1838596491228,65.84561403508778,4.538187134502906,0,0,Sat Aug 09 2014 09:00:00 GMT-0400 (EDT),-999
0x816C,30.801988304093477,30.546783625731027,0,1020.385877192982,73.21228070175444,4.54043859649121,0,0,Sat Aug 09 2014 11:00:00 GMT-0400 (EDT),-999
0x816C,32.36832352941176,32.25000000000001,0,1020.219264705882,76.27676470588243,4.536411764705865,0,0,Sat Aug 09 2014 13:00:00 GMT-0400 (EDT),-999
0x816C,38.89485804416407,38.83785488958992,0,1019.961861198739,64.692429022082,4.5374447949526635,0,0,Sat Aug 09 2014 15:00:00 GMT-0400 (EDT),-999
0x816C,31.30219298245614,31.284210526315793,0,1019.8059941520462,65.7883040935673,4.531081871345012,0,0,Sat Aug 09 2014 17:00:00 GMT-0400 (EDT),-999
0x816C,25.077222222222215,25.05760233918127,0,1020.2113450292392,69.5657894736843,4.531812865497058,0,0,Sat Aug 09 2014 19:00:00 GMT-0400 (EDT),-999
0x816C,21.2835483870968,21.24428152492668,0,1020.6327272727268,73.78269794721409,4.534222873900277,0,0,Sat Aug 09 2014 21:00:00 GMT-0400 (EDT),-999
0x816C,21.287288629737606,21.19737609329446,0,1020.6257725947524,79.2860058309038,4.531516034985408,0,0,Sat Aug 09 2014 23:00:00 GMT-0400 (EDT),-999
0x816C,17.641424418604664,17.73662790697678,0,1020.2284011627904,83.056976744186,4.529302325581383,0,0,Sun Aug 10 2014 01:00:00 GMT-0400 (EDT),-999
0x816C,16.433226744186044,16.525290697674436,0,1020.2725581395346,86.36831395348828,4.529418604651152,0,0,Sun Aug 10 2014 03:00:00 GMT-0400 (EDT),-999
0x816C,14.983469387755118,15.04431486880468,0,1020.5625655976677,88.94693877551029,4.528658892128269,0,0,Sun Aug 10 2014 05:00:00 GMT-0400 (EDT),-999
0x816C,25.429093567251464,25.015497076023394,0,1021.2174561403509,82.0657894736842,4.5260818713450135,0,0,Sun Aug 10 2014 07:00:00 GMT-0400 (EDT),-999
0x816C,32.01144117647059,31.526470588235245,0,1021.8402941176473,69.91735294117649,4.535647058823514,0,0,Sun Aug 10 2014 09:00:00 GMT-0400 (EDT),-999
0x816C,30.67846153846135,30.48727810650898,0,1022.0444674556215,76.3807692307693,4.526804733727796,0,0,Sun Aug 10 2014 11:00:00 GMT-0400 (EDT),-999
0x816C,32.95708823529411,32.91941176470587,0,1021.8312352941168,78.34088235294104,4.5276176470588085,0,0,Sun Aug 10 2014 13:00:00 GMT-0400 (EDT),-999
0x816C,38.53861764705881,38.56235294117649,0,1021.7148529411771,66.52794117647059,4.527294117647043,0,0,Sun Aug 10 2014 15:00:00 GMT-0400 (EDT),-999
0x816C,31.140762463343105,31.263049853372436,0,1021.4689442815254,69.06334310850437,4.526891495601161,0,0,Sun Aug 10 2014 17:00:00 GMT-0400 (EDT),-999
0x816C,24.457076023391817,24.60204678362573,0,1021.6739766081877,71.81520467836258,4.527865497076012,0,0,Sun Aug 10 2014 19:00:00 GMT-0400 (EDT),-999
0x816C,19.90926900584796,20.033040935672528,0,1022.3696783625729,74.40760233918134,4.525438596491216,0,0,Sun Aug 10 2014 21:00:00 GMT-0400 (EDT),-999
0x816C,18.433935860058305,18.486588921282827,0,1022.7418658892127,82.03469387755112,4.522886297376081,0,0,Sun Aug 10 2014 23:00:00 GMT-0400 (EDT),-999
0x816C,18.770087976539568,18.762463343108525,0,1022.6393255131974,84.23577712609945,4.52507331378298,0,0,Mon Aug 11 2014 01:00:00 GMT-0400 (EDT),-999
0x816C,18.0662390670554,18.056268221574307,0,1022.5790087463562,85.36034985422744,4.51857142857142,0,0,Mon Aug 11 2014 03:00:00 GMT-0400 (EDT),-999
0x816C,16.91200581395348,16.92209302325582,0,1022.7349709302324,87.23168604651165,4.516395348837202,0,0,Mon Aug 11 2014 05:00:00 GMT-0400 (EDT),-999
0x816C,25.813225806451612,25.409970674486797,0,1023.0690615835779,83.54134897360703,4.522551319648083,0,0,Mon Aug 11 2014 07:00:00 GMT-0400 (EDT),-999
0x816C,32.78269005847955,32.26081871345029,0,1023.1602923976599,69.75497076023399,4.523362573099402,0,0,Mon Aug 11 2014 09:00:00 GMT-0400 (EDT),-999
0x816C,32.399384164222845,32.17829912023454,0,1022.9331378299121,76.21788856304983,4.522609970674477,0,0,Mon Aug 11 2014 11:00:00 GMT-0400 (EDT),-999
0x816C,33.70486803519061,33.63460410557188,0,1022.7317595307912,76.99120234604113,4.521700879765383,0,0,Mon Aug 11 2014 13:00:00 GMT-0400 (EDT),-999
0x816C,36.950557184750735,36.91906158357777,0,1022.3289736070376,68.45982404692086,4.523577712609959,0,0,Mon Aug 11 2014 15:00:00 GMT-0400 (EDT),-999
0x816C,30.325847953216375,30.416666666666668,0,1021.9400877192991,71.35204678362572,4.523362573099405,0,0,Mon Aug 11 2014 17:00:00 GMT-0400 (EDT),-999
0x816C,24.819122807017532,24.923976608187136,0,1022.1029824561401,75.56315789473688,4.521198830409346,0,0,Mon Aug 11 2014 19:00:00 GMT-0400 (EDT),-999
0x816C,21.848075801749275,21.92099125364432,0,1022.3862682215737,79.55131195335275,4.515626822157426,0,0,Mon Aug 11 2014 21:00:00 GMT-0400 (EDT),-999
0x816C,19.631858407079644,19.65443786982248,0,1022.2909439528021,79.69115044247775,4.520029498525065,0,0,Mon Aug 11 2014 23:00:00 GMT-0400 (EDT),-999
0x816C,17.31967836257309,17.35292397660819,0,1022.1684502923968,80.60643274853796,4.51400584795321,0,0,Tue Aug 12 2014 01:00:00 GMT-0400 (EDT),-999
0x816C,16.200409356725174,16.228947368421057,0,1021.9457017543879,83.6692982456141,4.51754385964912,0,0,Tue Aug 12 2014 03:00:00 GMT-0400 (EDT),-999
0x816C,15.909825072886305,15.895029239766131,0,1021.9714577259491,88.42478134110785,4.516676384839646,0,0,Tue Aug 12 2014 05:00:00 GMT-0400 (EDT),-999
0x816C,24.863567251461987,24.506140350877182,0,1022.342923976609,85.70087719298247,4.515292397660812,0,0,Tue Aug 12 2014 07:00:00 GMT-0400 (EDT),-999
0x816C,31.970498533724335,31.508504398827053,0,1022.1958944281521,71.45219941348977,4.513607038123159,0,0,Tue Aug 12 2014 09:00:00 GMT-0400 (EDT),-999
0x816C,32.38555555555558,32.161403508772,0,1021.9681578947365,75.15994152046785,4.517982456140342,0,0,Tue Aug 12 2014 11:00:00 GMT-0400 (EDT),-999
0x816C,34.484516129032215,34.35278592375369,0,1021.6951026392956,74.24046920821108,4.514134897360696,0,0,Tue Aug 12 2014 13:00:00 GMT-0400 (EDT),-999
0x816C,35.44397058823529,35.41264705882355,0,1021.1616176470591,71.19294117647044,4.516529411764698,0,0,Tue Aug 12 2014 15:00:00 GMT-0400 (EDT),-999
0x816C,30.606052631578965,30.652631578947386,0,1020.6912573099413,74.10263157894727,4.515175438596485,0,0,Tue Aug 12 2014 17:00:00 GMT-0400 (EDT),-999
0x816C,25.440087719298237,25.52017543859651,0,1020.1283333333332,76.73391812865498,4.512076023391808,0,0,Tue Aug 12 2014 19:00:00 GMT-0400 (EDT),-999
0x816C,22.453988269794745,22.50791788856302,0,1019.8652785923757,80.67067448680343,4.5092375366568875,0,0,Tue Aug 12 2014 21:00:00 GMT-0400 (EDT),-999
0x816C,21.85518950437321,21.86384839650137,0,1019.3435860058313,84.22623906705546,4.5077551020408135,0,0,Tue Aug 12 2014 23:00:00 GMT-0400 (EDT),-999
0x816C,21.796880466472356,21.767346938775486,0,1017.7890962099128,85.2892128279885,4.505306122448976,0,0,Wed Aug 13 2014 01:00:00 GMT-0400 (EDT),-999
0x816C,20.888563049853357,20.90762463343109,0,1016.7200879765387,86.3381231671555,4.509090909090908,0,0,Wed Aug 13 2014 03:00:00 GMT-0400 (EDT),-999
0x816C,19.35745614035088,19.401461988304153,0,1015.6477777777778,88.86812865497076,4.5062865497076015,0,0,Wed Aug 13 2014 05:00:00 GMT-0400 (EDT),-999
0x816C,19.622886297376038,19.629737609329485,0,1014.5744314868799,92.1169096209912,4.504256559766764,0,0,Wed Aug 13 2014 07:00:00 GMT-0400 (EDT),-999
0x816C,20.87787234042553,20.802127659574463,0,1014.2298936170209,92.23617021276594,4.500851063829787,0,0,Wed Aug 13 2014 09:00:00 GMT-0400 (EDT),-999
0x816C,22.257771428571413,22.226285714285662,0,1009.5533142857147,88.10057142857137,4.502171428571431,0,0,Wed Aug 13 2014 13:00:00 GMT-0400 (EDT),-999
0x816C,21.45168604651162,21.452325581395314,0,1006.4354069767443,88.34563953488376,4.499796511627911,0,0,Wed Aug 13 2014 15:00:00 GMT-0400 (EDT),-999
0x816C,21.260029325513248,21.26099706744871,0,1005.9866275659834,88.96891495601174,4.500821114369503,0,0,Wed Aug 13 2014 17:00:00 GMT-0400 (EDT),-999
0x816C,20.858895348837205,20.86686046511627,0,1004.5802616279072,89.48052325581386,4.4975872093023295,0,0,Wed Aug 13 2014 19:00:00 GMT-0400 (EDT),-999
0x816C,21.078483965014573,21.088629737609292,0,1005.6558017492712,90.1685131195336,4.49886297376094,0,0,Wed Aug 13 2014 21:00:00 GMT-0400 (EDT),-999
0x816C,19.60707602339181,19.659064327485392,0,1001.7563742690062,89.37192982456145,4.498888888888893,0,0,Wed Aug 13 2014 23:00:00 GMT-0400 (EDT),-999
0x816C,17.768924418604648,17.852325581395363,0,1001.0020058139531,90.85465116279039,4.494970930232565,0,0,Thu Aug 14 2014 01:00:00 GMT-0400 (EDT),-999
0x816C,16.17491279069768,16.279360465116305,0,1000.7856395348836,90.84593023255815,4.497732558139543,0,0,Thu Aug 14 2014 03:00:00 GMT-0400 (EDT),-999
0x816C,15.147521865889207,15.231195335276956,0,1004.2959766763848,93.79154518950436,4.49206997084549,0,0,Thu Aug 14 2014 05:00:00 GMT-0400 (EDT),-999
0x816C,22.55613372093021,22.174418604651162,0,1021.4138372093021,88.63750000000002,4.498255813953494,0,0,Thu Aug 14 2014 07:00:00 GMT-0400 (EDT),-999
0x816C,29.295146198830416,28.76111111111114,0,1024.1512280701756,75.01403508771936,4.49412280701755,0,0,Thu Aug 14 2014 09:00:00 GMT-0400 (EDT),-999
0x816C,28.497463126843662,28.236873156342256,0,1013.479970501475,81.11740412979354,4.493716814159297,0,0,Thu Aug 14 2014 11:00:00 GMT-0400 (EDT),-999
0x816C,31.403460410557184,31.270674486803486,0,1010.3932551319655,82.67947214076258,4.493607038123172,0,0,Thu Aug 14 2014 13:00:00 GMT-0400 (EDT),-999
0x816C,36.40354354354356,36.32732732732733,0,1010.6212012012003,70.59909909909916,4.499669669669674,0,0,Thu Aug 14 2014 15:00:00 GMT-0400 (EDT),-999
0x816C,29.326803519061585,29.316129032258072,0,1011.33293255132,70.92023460410556,4.4942228739003,0,0,Thu Aug 14 2014 17:00:00 GMT-0400 (EDT),-999
0x816C,22.64524781341107,22.66530612244899,0,1012.3645772594754,72.00349854227403,4.495131195335285,0,0,Thu Aug 14 2014 19:00:00 GMT-0400 (EDT),-999
0x816C,18.25781341107872,18.267055393586002,0,1013.2837317784255,74.01924198250725,4.494723032069979,0,0,Thu Aug 14 2014 21:00:00 GMT-0400 (EDT),-999
0x816C,14.70971014492754,14.824637681159414,0,1013.8380289855074,77.7794202898551,4.488000000000014,0,0,Thu Aug 14 2014 23:00:00 GMT-0400 (EDT),-999
0x816C,11.77767441860465,11.959883720930224,0,1013.6729651162785,83.94767441860463,4.493343023255824,0,0,Fri Aug 15 2014 01:00:00 GMT-0400 (EDT),-999
0x816C,11.446231884057973,11.577971014492773,0,1012.6813043478252,90.29072463768127,4.486579710144944,0,0,Fri Aug 15 2014 03:00:00 GMT-0400 (EDT),-999
0x816C,12.238401162790707,12.279360465116262,0,1012.5041569767435,94.3767441860465,4.488779069767454,0,0,Fri Aug 15 2014 05:00:00 GMT-0400 (EDT),-999
0x816C,22.95580174927115,22.582215743440248,0,1012.9098833819253,89.28367346938784,4.4916618075801855,0,0,Fri Aug 15 2014 07:00:00 GMT-0400 (EDT),-999
0x816C,30.059941002949873,29.573451327433585,0,1013.3540707964607,74.50678466076695,4.486253687315646,0,0,Fri Aug 15 2014 09:00:00 GMT-0400 (EDT),-999
0x816C,29.070555555555554,28.884795321637437,0,1013.3954385964912,82.38801169590643,4.487309941520479,0,0,Fri Aug 15 2014 11:00:00 GMT-0400 (EDT),-999
0x816C,31.546578171091433,31.504424778761074,0,1013.1661946902659,84.71917404129796,4.487640117994109,0,0,Fri Aug 15 2014 13:00:00 GMT-0400 (EDT),-999
0x816C,34.55697947214075,34.560410557184724,0,1013.1084750733138,74.98181818181818,4.493049853372443,0,0,Fri Aug 15 2014 15:00:00 GMT-0400 (EDT),-999
0x816C,29.081524926686225,29.172727272727265,0,1013.6804692082111,75.42463343108503,4.488797653958956,0,0,Fri Aug 15 2014 17:00:00 GMT-0400 (EDT),-999
0x816C,22.57702623906706,22.720408163265308,0,1014.7117201166184,74.71311953352776,4.484897959183688,0,0,Fri Aug 15 2014 19:00:00 GMT-0400 (EDT),-999
0x816C,17.73691860465116,17.880232558139554,0,1015.6766569767442,76.04505813953494,4.483110465116293,0,0,Fri Aug 15 2014 21:00:00 GMT-0400 (EDT),-999
0x816C,16.490840579710152,16.564927536231863,0,1016.0421739130443,84.39739130434792,4.482753623188421,0,0,Fri Aug 15 2014 23:00:00 GMT-0400 (EDT),-999
0x816C,16.70962209302327,16.732848837209296,0,1015.6700290697672,85.76889534883732,4.480639534883738,0,0,Sat Aug 16 2014 01:00:00 GMT-0400 (EDT),-999
0x816C,14.903819241982497,14.94868804664717,0,1015.8744314868803,85.28279883381924,4.4858892128280035,0,0,Sat Aug 16 2014 03:00:00 GMT-0400 (EDT),-999
0x816C,13.626902654867244,13.672566371681413,0,1016.3825073746323,88.04631268436589,4.487581120943969,0,0,Sat Aug 16 2014 05:00:00 GMT-0400 (EDT),-999
0x816C,21.90769005847954,21.577485380116958,0,1017.2018128654971,92.12894736842101,4.482017543859664,0,0,Sat Aug 16 2014 07:00:00 GMT-0400 (EDT),-999
0x816C,29.247982456140388,28.759649122807073,0,1017.5192982456143,76.59970760233911,4.482690058479547,0,0,Sat Aug 16 2014 09:00:00 GMT-0400 (EDT),-999
0x816C,29.832328358208986,29.63402985074624,0,1017.3091666666672,80.06011904761917,4.477916666666682,0,0,Sat Aug 16 2014 11:00:00 GMT-0400 (EDT),-999
0x816C,31.88035190615833,31.76656891495594,0,1016.3931085043988,78.14926686217012,4.480234604105586,0,0,Sat Aug 16 2014 13:00:00 GMT-0400 (EDT),-999
0x816C,32.656499999999966,32.61705882352944,0,1015.8932058823536,74.05205882352931,4.482617647058839,0,0,Sat Aug 16 2014 15:00:00 GMT-0400 (EDT),-999
0x816C,28.74605263157894,28.761111111111124,0,1015.7998830409362,76.16140350877188,4.480526315789489,0,0,Sat Aug 16 2014 17:00:00 GMT-0400 (EDT),-999
0x816C,23.51032069970845,23.588629737609324,0,1016.1227696793003,78.71107871720118,4.479067055393601,0,0,Sat Aug 16 2014 19:00:00 GMT-0400 (EDT),-999
0x816C,20.566656976744177,20.631686046511625,0,1016.1708720930237,82.20087209302334,4.476424418604668,0,0,Sat Aug 16 2014 21:00:00 GMT-0400 (EDT),-999
0x816C,19.127507331378382,19.150146627566045,0,1015.4476246334311,83.94428152492658,4.47589442815251,0,0,Sat Aug 16 2014 23:00:00 GMT-0400 (EDT),-999
0x816C,18.608895348837216,18.606976744186085,0,1014.1829360465115,86.42296511627922,4.478255813953505,0,0,Sun Aug 17 2014 01:00:00 GMT-0400 (EDT),-999
0x816C,18.339125364431457,18.329154518950443,0,1013.0556851311945,88.16997084548113,4.474256559766781,0,0,Sun Aug 17 2014 03:00:00 GMT-0400 (EDT),-999
0x816C,16.774593023255814,16.83982558139536,0,1012.8338372093026,91.04796511627919,4.476744186046529,0,0,Sun Aug 17 2014 05:00:00 GMT-0400 (EDT),-999
0x816C,23.051432748538023,22.83245614035088,0,1012.7010233918137,91.14327485380117,4.476286549707621,0,0,Sun Aug 17 2014 07:00:00 GMT-0400 (EDT),-999
0x816C,32.04410557184751,31.494721407624677,0,1011.8703519061592,75.71642228738995,4.478621700879783,0,0,Sun Aug 17 2014 09:00:00 GMT-0400 (EDT),-999
0x816C,33.08912023460408,32.79266862170093,0,1010.8823167155426,77.26920821114372,4.479296187683301,0,0,Sun Aug 17 2014 11:00:00 GMT-0400 (EDT),-999
0x816C,33.71372434017595,33.51114369501456,0,1009.772961876832,74.90439882697957,4.478504398826997,0,0,Sun Aug 17 2014 13:00:00 GMT-0400 (EDT),-999
0x816C,34.402785923753655,34.23460410557186,0,1010.9868621700873,71.99999999999997,4.47404692082113,0,0,Sun Aug 17 2014 15:00:00 GMT-0400 (EDT),-999
0x816C,31.04038348082596,30.952507374631264,0,1003.0851327433622,73.71651917404134,4.47988200589972,0,0,Sun Aug 17 2014 17:00:00 GMT-0400 (EDT),-999
0x816C,24.996754385964916,25.023684210526316,0,999.0423976608192,75.48567251461995,4.47423976608189,0,0,Sun Aug 17 2014 19:00:00 GMT-0400 (EDT),-999
0x816C,19.219707602339174,19.43479532163744,0,1002.0040058479528,79.52280701754388,4.470614035087739,0,0,Sun Aug 17 2014 21:00:00 GMT-0400 (EDT),-999
0x816C,15.917790697674416,16.10988372093025,0,1006.6390988372092,83.08488372093032,4.47017441860467,0,0,Sun Aug 17 2014 23:00:00 GMT-0400 (EDT),-999
0x816C,13.766783625730994,13.928654970760265,0,1008.0385672514614,85.68508771929815,4.4682163742690255,0,0,Mon Aug 18 2014 01:00:00 GMT-0400 (EDT),-999
0x816C,12.602965116279062,12.736046511627926,0,1009.2981976744194,89.09011627906968,4.470290697674439,0,0,Mon Aug 18 2014 03:00:00 GMT-0400 (EDT),-999
0x816C,12.680898550724637,12.742608695652192,0,1012.6600579710138,94.11971014492765,4.470144927536251,0,0,Mon Aug 18 2014 05:00:00 GMT-0400 (EDT),-999
0x816C,21.974810495626816,21.622740524781346,0,1021.0029737609325,90.13935860058311,4.47276967930031,0,0,Mon Aug 18 2014 07:00:00 GMT-0400 (EDT),-999
0x816C,29.029208211143672,28.581818181818225,0,1011.9587390029321,77.5434017595308,4.469882697947235,0,0,Mon Aug 18 2014 09:00:00 GMT-0400 (EDT),-999
0x816C,29.6015835777126,29.445454545454545,0,1011.506744868035,79.91554252199427,4.4689736070381425,0,0,Mon Aug 18 2014 11:00:00 GMT-0400 (EDT),-999
0x816C,30.235542521994162,30.24457478005866,0,1011.1002052785929,87.48064516129031,4.469149560117321,0,0,Mon Aug 18 2014 13:00:00 GMT-0400 (EDT),-999
0x816C,35.271173020527854,35.30146627565977,0,1011.2433724340173,77.01466275659818,4.469706744868051,0,0,Mon Aug 18 2014 15:00:00 GMT-0400 (EDT),-999
0x816C,29.223274853801144,29.321929824561405,0,1011.6147076023394,73.45730994152065,4.469298245614055,0,0,Mon Aug 18 2014 17:00:00 GMT-0400 (EDT),-999
0x816C,21.630145772594755,21.799708454810492,0,1012.3904373177844,73.8335276967931,4.466384839650165,0,0,Mon Aug 18 2014 19:00:00 GMT-0400 (EDT),-999
0x816C,17.142994186046522,17.293895348837218,0,1013.2976162790708,75.95784883720938,4.4639534883721135,0,0,Mon Aug 18 2014 21:00:00 GMT-0400 (EDT),-999
0x816C,14.457014492753634,14.549855072463766,0,1013.799710144927,78.28463768115934,4.466202898550745,0,0,Mon Aug 18 2014 23:00:00 GMT-0400 (EDT),-999
0x816C,12.537383720930231,12.617441860465089,0,1013.3887790697669,80.01511627906973,4.467529069767463,0,0,Tue Aug 19 2014 01:00:00 GMT-0400 (EDT),-999
0x816C,11.10423188405796,11.192753623188404,0,1013.6111014492745,82.97942028985506,4.464869565217412,0,0,Tue Aug 19 2014 03:00:00 GMT-0400 (EDT),-999
0x816C,9.218221574344009,9.336443148688051,0,1014.3593586005833,87.79737609329443,4.459591836734718,0,0,Tue Aug 19 2014 05:00:00 GMT-0400 (EDT),-999
0x816C,21.616384839650145,21.19475218658892,0,1014.9409329446062,89.89358600583091,4.463265306122468,0,0,Tue Aug 19 2014 07:00:00 GMT-0400 (EDT),-999
0x816C,29.59435672514624,29.0511695906432,0,1015.361052631578,74.96842105263156,4.464502923976631,0,0,Tue Aug 19 2014 09:00:00 GMT-0400 (EDT),-999
0x816C,27.9124046920821,27.72785923753666,0,1015.4925219941346,82.45249266862179,4.465953079178907,0,0,Tue Aug 19 2014 11:00:00 GMT-0400 (EDT),-999
0x816C,29.045118343195245,29.047041420118358,0,1015.3423076923076,94.64615384615392,4.46440828402369,0,0,Tue Aug 19 2014 13:00:00 GMT-0400 (EDT),-999
0x816C,35.14392330383481,35.18879056047193,0,1015.2289085545734,79.20471976401188,4.462359882005921,0,0,Tue Aug 19 2014 15:00:00 GMT-0400 (EDT),-999
0x816C,27.533206997084548,27.677551020408167,0,1015.4421282798846,74.55189504373173,4.462827988338214,0,0,Tue Aug 19 2014 17:00:00 GMT-0400 (EDT),-999
0x816C,19.54549707602338,19.802923976608195,0,1015.8083918128665,77.49356725146208,4.464707602339203,0,0,Tue Aug 19 2014 19:00:00 GMT-0400 (EDT),-999
0x816C,15.02220930232557,15.248546511627897,0,1016.2772093023252,80.92819767441877,4.462703488372118,0,0,Tue Aug 19 2014 21:00:00 GMT-0400 (EDT),-999
0x816C,12.529651162790694,12.719767441860428,0,1016.6873255813962,84.54040697674417,4.459563953488393,0,0,Tue Aug 19 2014 23:00:00 GMT-0400 (EDT),-999
0x816C,11.176275659824046,11.333137829912049,0,1016.454692082112,87.89090909090906,4.462170087976562,0,0,Wed Aug 20 2014 01:00:00 GMT-0400 (EDT),-999
0x816C,10.47950292397661,10.599120234604069,0,1016.4444444444445,91.0748538011697,4.457631578947391,0,0,Wed Aug 20 2014 03:00:00 GMT-0400 (EDT),-999
0x816C,10.301860465116262,10.383139534883705,0,1017.3584593023261,93.30755813953492,4.453372093023281,0,0,Wed Aug 20 2014 05:00:00 GMT-0400 (EDT),-999
0x816C,21.47930029154518,21.121865889212835,0,1018.0123906705537,94.67696793002924,4.463440233236171,0,0,Wed Aug 20 2014 07:00:00 GMT-0400 (EDT),-999
0x816C,29.723216374269033,29.213157894736863,0,1018.428684210527,78.4391812865497,4.457046783625754,0,0,Wed Aug 20 2014 09:00:00 GMT-0400 (EDT),-999
0x816C,28.99808823529405,28.81235294117637,0,1018.9555588235279,83.51058823529421,4.456823529411788,0,0,Wed Aug 20 2014 11:00:00 GMT-0400 (EDT),-999
0x816C,30.46770588235294,30.49176470588236,0,1018.8656176470598,93.99088235294118,4.456617647058846,0,0,Wed Aug 20 2014 13:00:00 GMT-0400 (EDT),-999
0x816C,36.35050147492623,36.41799410029501,0,1018.6214749262532,78.23333333333338,4.46141592920356,0,0,Wed Aug 20 2014 15:00:00 GMT-0400 (EDT),-999
0x816C,28.559037900874632,28.715451895043742,0,1018.7702915451897,74.02653061224494,4.46198250728865,0,0,Wed Aug 20 2014 17:00:00 GMT-0400 (EDT),-999
0x816C,21.801632653061233,21.961807580174927,0,1019.2389795918364,75.28746355685145,4.458833819242006,0,0,Wed Aug 20 2014 19:00:00 GMT-0400 (EDT),-999
0x816C,17.207346938775512,17.360058309037903,0,1019.5089212827979,76.4131195335276,4.4562682215743665,0,0,Wed Aug 20 2014 21:00:00 GMT-0400 (EDT),-999
0x816C,14.804052478134114,14.899416909620964,0,1019.5492128279874,80.0300291545189,4.455131195335301,0,0,Wed Aug 20 2014 23:00:00 GMT-0400 (EDT),-999
0x816C,13.889594202898545,13.92579710144932,0,1019.4924927536234,84.47043478260868,4.453130434782631,0,0,Thu Aug 21 2014 01:00:00 GMT-0400 (EDT),-999
0x816C,14.222674418604615,14.226453488372119,0,1019.4984302325594,88.09011627906965,4.454302325581418,0,0,Thu Aug 21 2014 03:00:00 GMT-0400 (EDT),-999
0x816C,13.845073313782992,13.843695014662796,0,1019.4962463343107,89.43489736070384,4.455982404692107,0,0,Thu Aug 21 2014 05:00:00 GMT-0400 (EDT),-999
0x816C,19.683304093567248,19.55643274853796,0,1020.9045321637433,100.93011695906445,4.459415204678389,0,0,Thu Aug 21 2014 07:00:00 GMT-0400 (EDT),-999
0x816C,24.856763848396508,24.67376093294455,0,1020.9301166180777,89.90728862973737,4.452915451895066,0,0,Thu Aug 21 2014 09:00:00 GMT-0400 (EDT),-999
0x816C,29.4847076023392,29.299707602339165,0,1020.8270760233922,83.50058479532171,4.455672514619904,0,0,Thu Aug 21 2014 11:00:00 GMT-0400 (EDT),-999
0x816C,31.373382789317528,31.32017804154295,0,1020.4750741839767,84.70415430267069,4.453382789317533,0,0,Thu Aug 21 2014 13:00:00 GMT-0400 (EDT),-999
0x816C,33.72600000000001,33.74926253687311,0,1020.0380588235302,81.17235294117638,4.455441176470613,0,0,Thu Aug 21 2014 15:00:00 GMT-0400 (EDT),-999
0x816C,27.99868035190613,28.095601173020523,0,1020.092434017595,78.48240469208218,4.455689149560141,0,0,Thu Aug 21 2014 17:00:00 GMT-0400 (EDT),-999
0x816C,22.17133720930233,22.288662790697675,0,1020.2917151162786,78.3587209302325,4.450174418604677,0,0,Thu Aug 21 2014 19:00:00 GMT-0400 (EDT),-999
0x816C,18.271802325581394,18.407267441860473,0,1020.3638953488369,80.10726744186057,4.449418604651186,0,0,Thu Aug 21 2014 21:00:00 GMT-0400 (EDT),-999
0x816C,16.108676470588275,16.258823529411757,0,1020.2317647058828,87.78058823529416,4.450411764705904,0,0,Thu Aug 21 2014 23:00:00 GMT-0400 (EDT),-999
0x816C,15.393779069767445,15.49476744186051,0,1019.7620348837212,91.3127906976743,4.450377906976765,0,0,Fri Aug 22 2014 01:00:00 GMT-0400 (EDT),-999
0x816C,16.102936046511633,16.143023255813933,0,1019.5432848837213,96.26249999999995,4.448459302325609,0,0,Fri Aug 22 2014 03:00:00 GMT-0400 (EDT),-999
0x816C,15.871043478260878,15.90869565217393,0,1020.1615942028977,96.24173913043485,4.448318840579735,0,0,Fri Aug 22 2014 05:00:00 GMT-0400 (EDT),-999
0x816C,18.12883040935672,18.07807017543859,0,1023.8453216374269,98.76666666666651,4.444853801169611,0,0,Fri Aug 22 2014 07:00:00 GMT-0400 (EDT),-999
0x816C,22.832623906705535,22.66967930029154,0,1032.8186297376092,93.85422740524788,4.4471720116618325,0,0,Fri Aug 22 2014 09:00:00 GMT-0400 (EDT),-999
0x816C,31.322580645161228,31.013489736070387,0,1025.4816715542531,79.46275659824062,4.4526979472141015,0,0,Fri Aug 22 2014 11:00:00 GMT-0400 (EDT),-999
0x816C,29.033590504451038,28.87833827893182,0,1020.7761721068248,78.99614243323435,4.44869436201783,0,0,Fri Aug 22 2014 13:00:00 GMT-0400 (EDT),-999
0x816C,29.286950146627547,29.199413489735996,0,1020.2137536656898,79.2275659824047,4.447448680351932,0,0,Fri Aug 22 2014 15:00:00 GMT-0400 (EDT),-999
0x816C,26.25733918128655,26.31520467836257,0,1020.3120760233926,80.97690058479532,4.447076023391835,0,0,Fri Aug 22 2014 17:00:00 GMT-0400 (EDT),-999
0x816C,21.669709302325582,21.800872093023248,0,1020.7045058139538,85.52005813953484,4.444709302325606,0,0,Fri Aug 22 2014 19:00:00 GMT-0400 (EDT),-999
0x816C,19.569854227405223,19.67026239067055,0,1020.6679008746353,89.61574344023327,4.446647230320723,0,0,Fri Aug 22 2014 21:00:00 GMT-0400 (EDT),-999
0x816C,18.124344023323616,18.216618075801705,0,1020.4744606413991,90.73090379008731,4.444460641399439,0,0,Fri Aug 22 2014 23:00:00 GMT-0400 (EDT),-999
0x816C,17.49176811594202,17.56115942028984,0,1020.2468405797098,93.43449275362322,4.4472463768116155,0,0,Sat Aug 23 2014 01:00:00 GMT-0400 (EDT),-999
0x816C,17.109680232558166,17.171802325581435,0,1020.0293895348847,93.73343023255812,4.440174418604671,0,0,Sat Aug 23 2014 03:00:00 GMT-0400 (EDT),-999
0x816C,16.588924418604645,16.645348837209298,0,1020.6583139534888,95.09680232558125,4.44116279069769,0,0,Sat Aug 23 2014 05:00:00 GMT-0400 (EDT),-999
0x816C,19.67348837209302,19.59302325581398,0,1021.1792732558148,94.85843023255804,4.441598837209321,0,0,Sat Aug 23 2014 07:00:00 GMT-0400 (EDT),-999
0x816C,25.906637426900584,25.62961876832844,0,1021.3687719298247,86.46959064327487,4.4421052631579165,0,0,Sat Aug 23 2014 09:00:00 GMT-0400 (EDT),-999
0x816C,29.813567251462008,29.585672514619855,0,1021.56245614035,80.10526315789478,4.438684210526338,0,0,Sat Aug 23 2014 11:00:00 GMT-0400 (EDT),-999
0x816C,30.10576023391816,30.00555555555551,0,1021.4531578947368,82.45614035087719,4.442222222222246,0,0,Sat Aug 23 2014 13:00:00 GMT-0400 (EDT),-999
0x816C,31.633382352941155,31.624411764705886,0,1021.5551470588239,78.01470588235297,4.442764705882375,0,0,Sat Aug 23 2014 15:00:00 GMT-0400 (EDT),-999
0x816C,25.86970674486804,25.874193548387115,0,1021.6337243401761,75.83665689149564,4.440821114369522,0,0,Sat Aug 23 2014 17:00:00 GMT-0400 (EDT),-999
0x816C,20.804956268221577,20.873177842565596,0,1021.710962099124,79.45860058309034,4.439795918367368,0,0,Sat Aug 23 2014 19:00:00 GMT-0400 (EDT),-999
0x816C,16.002999999999997,16.2164705882353,0,1021.6795588235302,82.24470588235292,4.437941176470607,0,0,Sat Aug 23 2014 21:00:00 GMT-0400 (EDT),-999
0x816C,12.947913043478252,13.129855072463764,0,1021.5787536231888,84.99623188405786,4.438869565217407,0,0,Sat Aug 23 2014 23:00:00 GMT-0400 (EDT),-999
0x816C,11.363953488372108,11.514825581395346,0,1021.4488662790695,87.8421511627906,4.4347093023255955,0,0,Sun Aug 24 2014 01:00:00 GMT-0400 (EDT),-999
0x816C,12.666744186046495,12.720930232558128,0,1021.2765697674417,98.17558139534876,4.441802325581411,0,0,Sun Aug 24 2014 03:00:00 GMT-0400 (EDT),-999
0x816C,12.601311953352756,12.626822157434386,0,1021.6748396501454,95.05626822157426,4.441953352769691,0,0,Sun Aug 24 2014 05:00:00 GMT-0400 (EDT),-999
0x816C,21.522134502923983,21.17426900584795,0,1022.1411988304095,92.38450292397665,4.4369298245614175,0,0,Sun Aug 24 2014 07:00:00 GMT-0400 (EDT),-999
0x816C,28.091466275659847,27.66070381231655,0,1022.6226392961877,81.90938416422284,4.435014662756612,0,0,Sun Aug 24 2014 09:00:00 GMT-0400 (EDT),-999
0x816C,27.893859649122852,27.743567251461876,0,1022.7211403508777,85.92397660818749,4.436549707602354,0,0,Sun Aug 24 2014 11:00:00 GMT-0400 (EDT),-999
0x816C,29.495689149560103,29.53988269794722,0,1022.6724046920817,95.95102639296194,4.437302052785939,0,0,Sun Aug 24 2014 13:00:00 GMT-0400 (EDT),-999
0x816C,35.72856304985338,35.81730205278587,0,1022.2358944281516,78.72228739002931,4.435747800586531,0,0,Sun Aug 24 2014 15:00:00 GMT-0400 (EDT),-999
0x816C,28.136549707602356,28.29678362573099,0,1021.7586549707605,73.65263157894738,4.43573099415206,0,0,Sun Aug 24 2014 17:00:00 GMT-0400 (EDT),-999
0x816C,20.84874269005849,21.020467836257314,0,1021.9251461988312,75.30760233918127,4.4323391812865625,0,0,Sun Aug 24 2014 19:00:00 GMT-0400 (EDT),-999
0x816C,17.13863372093024,17.269476744186036,0,1022.041308139534,78.83284883720927,4.435290697674432,0,0,Sun Aug 24 2014 21:00:00 GMT-0400 (EDT),-999
0x816C,15.533958944281517,15.609090909090932,0,1021.9450146627568,83.84956011730198,4.431788856304995,0,0,Sun Aug 24 2014 23:00:00 GMT-0400 (EDT),-999
0x816C,15.99904347826088,16.017971014492762,0,1021.6545507246385,88.83072463768109,4.431333333333346,0,0,Mon Aug 25 2014 01:00:00 GMT-0400 (EDT),-999
0x816C,16.069499999999994,16.070294117647084,0,1021.3593823529413,90.00970588235296,4.430617647058836,0,0,Mon Aug 25 2014 03:00:00 GMT-0400 (EDT),-999
0x816C,15.973654970760228,15.969590643274815,0,1021.6925730994149,91.06676384839645,4.429327485380125,0,0,Mon Aug 25 2014 05:00:00 GMT-0400 (EDT),-999
0x816C,25.037105263157898,24.664619883040935,0,1022.3130116959068,92.264619883041,4.432076023391823,0,0,Mon Aug 25 2014 07:00:00 GMT-0400 (EDT),-999
0x816C,31.944604105571827,31.480938416422262,0,1023.0127565982409,79.6844574780059,4.43334310850441,0,0,Mon Aug 25 2014 09:00:00 GMT-0400 (EDT),-999
0x816C,31.5537719298247,31.369590643274652,0,1023.0085087719302,83.60643274853786,4.428450292397672,0,0,Mon Aug 25 2014 11:00:00 GMT-0400 (EDT),-999
0x816C,32.84419354838708,32.872727272727275,0,1022.5833431085039,93.23137829912022,4.435131964809396,0,0,Mon Aug 25 2014 13:00:00 GMT-0400 (EDT),-999
0x816C,38.81747058823532,38.896176470588145,0,1022.0331764705885,75.96735294117644,4.43488235294119,0,0,Mon Aug 25 2014 15:00:00 GMT-0400 (EDT),-999
0x816C,31.323479532163745,31.470175438596485,0,1021.75038011696,74.1789473684211,4.437836257309955,0,0,Mon Aug 25 2014 17:00:00 GMT-0400 (EDT),-999
0x816C,24.039883040935678,24.214912280701753,0,1022.368830409357,75.5859649122806,4.434210526315804,0,0,Mon Aug 25 2014 19:00:00 GMT-0400 (EDT),-999
0x816C,20.279475218658888,20.41107871720117,0,1022.7402040816334,79.81224489795902,4.432478134110801,0,0,Mon Aug 25 2014 21:00:00 GMT-0400 (EDT),-999
0x816C,18,18.07900874635569,0,1022.8228862973757,81.41836734693861,4.4285422740524885,0,0,Mon Aug 25 2014 23:00:00 GMT-0400 (EDT),-999
0x816C,15.972877906976745,16.038372093023263,0,1022.7271220930232,83.03168604651177,4.432994186046521,0,0,Tue Aug 26 2014 01:00:00 GMT-0400 (EDT),-999
0x816C,14.779476744186042,14.830813953488343,0,1022.6324709302315,84.95930232558143,4.432122093023265,0,0,Tue Aug 26 2014 03:00:00 GMT-0400 (EDT),-999
0x816C,14.257842565597679,14.272886297376079,0,1023.154868804665,89.13148688046644,4.428775510204092,0,0,Tue Aug 26 2014 05:00:00 GMT-0400 (EDT),-999
0x816C,22.52284457478006,22.175366568914953,0,1023.75275659824,94.2049853372433,4.431554252199421,0,0,Tue Aug 26 2014 07:00:00 GMT-0400 (EDT),-999
0x816C,30.57260355029586,30.052662721893444,0,1023.767787610619,79.33303834808264,4.427905604719775,0,0,Tue Aug 26 2014 09:00:00 GMT-0400 (EDT),-999
0x816C,31.936081871345028,31.677485380116973,0,1023.0818128654965,83.71403508771932,4.431491228070184,0,0,Tue Aug 26 2014 11:00:00 GMT-0400 (EDT),-999
0x816C,34.28271929824562,34.24853801169591,0,1022.2847660818712,89.78216374269006,4.428040935672527,0,0,Tue Aug 26 2014 13:00:00 GMT-0400 (EDT),-999
0x816C,37.328333333333305,37.31398809523807,0,1021.5154464285704,77.11726190476195,4.431160714285726,0,0,Tue Aug 26 2014 15:00:00 GMT-0400 (EDT),-999
0x816C,30.101671554252196,30.22375366568915,0,1020.4491788856304,76.33489736070379,4.43076246334312,0,0,Tue Aug 26 2014 17:00:00 GMT-0400 (EDT),-999
0x816C,24.536355685131188,24.674635568513125,0,1020.4602623906703,79.39708454810481,4.429416909621001,0,0,Tue Aug 26 2014 19:00:00 GMT-0400 (EDT),-999
0x816C,22.07426900584795,22.16403508771931,0,1020.6285964912292,83.68011695906438,4.42885964912282,0,0,Tue Aug 26 2014 21:00:00 GMT-0400 (EDT),-999
0x816C,20.920204081632672,20.962099125364464,0,1020.0310204081632,86.6498542274053,4.427172011661819,0,0,Tue Aug 26 2014 23:00:00 GMT-0400 (EDT),-999
0x816C,20.204764705882372,20.22147058823532,0,1019.0497941176483,87.6997058823528,4.425911764705895,0,0,Wed Aug 27 2014 01:00:00 GMT-0400 (EDT),-999
0x816C,19.420874635568524,19.42536443148691,0,1018.2158600583097,88.00641399416904,4.419941690962111,0,0,Wed Aug 27 2014 03:00:00 GMT-0400 (EDT),-999
0x816C,18.898982558139537,18.89273255813954,0,1018.1025872093031,89.42877906976736,4.424854651162803,0,0,Wed Aug 27 2014 05:00:00 GMT-0400 (EDT),-999
0x816C,25.251055718475065,24.921700879765382,0,1018.2718181818175,89.04105571847502,4.427331378299132,0,0,Wed Aug 27 2014 07:00:00 GMT-0400 (EDT),-999
0x816C,31.22040935672515,30.793274853801158,0,1017.7435964912279,80.34707602339179,4.429239766081882,0,0,Wed Aug 27 2014 09:00:00 GMT-0400 (EDT),-999
0x816C,31.79157270029673,31.595548961424377,0,1016.3907715133531,84.94005934718096,4.425845697329386,0,0,Wed Aug 27 2014 11:00:00 GMT-0400 (EDT),-999
0x816C,33.41287390029327,33.39149560117301,0,1014.9234310850442,86.48416422287391,4.425190615835786,0,0,Wed Aug 27 2014 13:00:00 GMT-0400 (EDT),-999
0x816C,35.83835777126102,35.81290322580639,0,1013.9912609970678,78.13049853372421,4.429354838709688,0,0,Wed Aug 27 2014 15:00:00 GMT-0400 (EDT),-999
0x816C,31.21536443148687,31.297667638483944,0,1013.5293294460655,78.27317784256553,4.428833819241996,0,0,Wed Aug 27 2014 17:00:00 GMT-0400 (EDT),-999
0x816C,26.31787610619465,26.433038348082576,0,1013.7643235294116,81.34117647058825,4.428053097345145,0,0,Wed Aug 27 2014 19:00:00 GMT-0400 (EDT),-999
0x816C,24.374662756598237,24.451026392961833,0,1013.5977712609978,84.6351906158358,4.430439882697959,0,0,Wed Aug 27 2014 21:00:00 GMT-0400 (EDT),-999
0x816C,23.56307017543859,23.575146198830357,0,1012.5987134502926,86.32192982456121,4.426315789473696,0,0,Wed Aug 27 2014 23:00:00 GMT-0400 (EDT),-999
0x816C,22.975189504373173,22.987755102040694,0,1011.3085131195334,87.0390670553936,4.423294460641411,0,0,Thu Aug 28 2014 01:00:00 GMT-0400 (EDT),-999
0x816C,21.81886297376093,21.831778425655976,0,1010.4234110787177,86.63381924198241,4.420291545189517,0,0,Thu Aug 28 2014 03:00:00 GMT-0400 (EDT),-999
0x816C,21.329331395348827,21.32180232558136,0,1010.615174418605,89.64912790697659,4.424738372093035,0,0,Thu Aug 28 2014 05:00:00 GMT-0400 (EDT),-999
0x816C,26.35038123167157,26.108504398826973,0,1011.0666862170084,86.57214076246335,4.425043988269805,0,0,Thu Aug 28 2014 07:00:00 GMT-0400 (EDT),-999
0x816C,31.182411764705932,30.847352941176627,0,1011.3245588235301,82.58647058823523,4.426323529411777,0,0,Thu Aug 28 2014 09:00:00 GMT-0400 (EDT),-999
0x816C,30.454633431085036,30.364516129032356,0,1011.0479472140756,84.75923753665678,4.424222873900304,0,0,Thu Aug 28 2014 11:00:00 GMT-0400 (EDT),-999
0x816C,31.288508771929845,31.363450292397676,0,1011.0539473684211,90.38888888888897,4.426842105263171,0,0,Thu Aug 28 2014 13:00:00 GMT-0400 (EDT),-999
0x816C,33.677836257309906,33.734795321637435,0,1011.334356725146,79.23888888888894,4.4231578947368515,0,0,Thu Aug 28 2014 15:00:00 GMT-0400 (EDT),-999
0x816C,28.442222222222227,28.542982456140347,0,1012.3085964912274,78.27134502923992,4.426842105263166,0,0,Thu Aug 28 2014 17:00:00 GMT-0400 (EDT),-999
0x816C,22.849005847953222,22.98445747800587,0,1014.1008771929829,78.24824561403494,4.423508771929837,0,0,Thu Aug 28 2014 19:00:00 GMT-0400 (EDT),-999
0x816C,18.79661764705882,18.917941176470578,0,1015.899117647059,78.90117647058828,4.4243529411764815,0,0,Thu Aug 28 2014 21:00:00 GMT-0400 (EDT),-999
0x816C,16.337325581395373,16.4197674418604,0,1017.0084011627918,81.843023255814,4.420668604651174,0,0,Thu Aug 28 2014 23:00:00 GMT-0400 (EDT),-999
0x816C,14.902761627906967,14.958430232558136,0,1017.9930523255822,83.33808139534877,4.418430232558153,0,0,Fri Aug 29 2014 01:00:00 GMT-0400 (EDT),-999
0x816C,13.30492711370259,13.36443148688039,0,1018.7065889212836,84.70874635568515,4.411545189504388,0,0,Fri Aug 29 2014 03:00:00 GMT-0400 (EDT),-999
0x816C,13.209739130434782,13.213623188405785,0,1020.0656811594209,89.68347826086959,4.412637681159435,0,0,Fri Aug 29 2014 05:00:00 GMT-0400 (EDT),-999
0x816C,22.180497076023393,21.828654970760237,0,1021.7702923976607,92.5011695906432,4.417222222222232,0,0,Fri Aug 29 2014 07:00:00 GMT-0400 (EDT),-999
0x816C,28.144577259475213,27.75131195335282,0,1023.2418367346936,82.10903790087471,4.418658892128292,0,0,Fri Aug 29 2014 09:00:00 GMT-0400 (EDT),-999
0x816C,28.088240469208195,27.96891495601165,0,1024.2986510263931,83.54193548387096,4.417829912023475,0,0,Fri Aug 29 2014 11:00:00 GMT-0400 (EDT),-999
0x816C,28.443157894736824,28.50233918128652,0,1024.892076023391,95.32514619883042,4.42216374269007,0,0,Fri Aug 29 2014 13:00:00 GMT-0400 (EDT),-999
0x816C,33.287126099706725,33.405865102639304,0,1024.9645747800591,78.89061583577711,4.420293255131977,0,0,Fri Aug 29 2014 15:00:00 GMT-0400 (EDT),-999
0x816C,25.442052785923746,25.614369501466253,0,1025.2715835777124,73.81730205278602,4.418357771261012,0,0,Fri Aug 29 2014 17:00:00 GMT-0400 (EDT),-999
0x816C,18.68467836257309,18.860233918128653,0,1026.0905847953215,75.10000000000007,4.420526315789487,0,0,Fri Aug 29 2014 19:00:00 GMT-0400 (EDT),-999
0x816C,15.312645348837183,15.436046511627941,0,1026.872354651162,79.87470930232558,4.411598837209318,0,0,Fri Aug 29 2014 21:00:00 GMT-0400 (EDT),-999
0x816C,13.492057971014507,13.563188405797115,0,1027.3426666666667,81.01942028985518,4.415652173913059,0,0,Fri Aug 29 2014 23:00:00 GMT-0400 (EDT),-999
0x816C,11.664447674418613,11.735465116279073,0,1027.9293023255814,82.570058139535,4.412005813953505,0,0,Sat Aug 30 2014 01:00:00 GMT-0400 (EDT),-999
0x816C,10.793130434782602,10.836231884057982,0,1027.8748115942028,86.22144927536226,4.410521739130452,0,0,Sat Aug 30 2014 03:00:00 GMT-0400 (EDT),-999
0x816C,10.029855072463784,10.046666666666699,0,1028.2283188405802,88.76463768115943,4.413014492753636,0,0,Sat Aug 30 2014 05:00:00 GMT-0400 (EDT),-999
0x816C,19.098513119533536,18.75072886297377,0,1028.7198542274061,98.72536443148665,4.414664723032085,0,0,Sat Aug 30 2014 07:00:00 GMT-0400 (EDT),-999
0x816C,26.999416909620994,26.490087463556858,0,1028.1892711370278,81.9355685131195,4.410787172011674,0,0,Sat Aug 30 2014 09:00:00 GMT-0400 (EDT),-999
0x816C,27.81239067055388,27.57638483965028,0,1027.4362682215742,85.78571428571446,4.407521865889227,0,0,Sat Aug 30 2014 11:00:00 GMT-0400 (EDT),-999
0x816C,28.9048245614035,28.88684210526316,0,1026.2866959064331,95.46725146198833,4.411637426900599,0,0,Sat Aug 30 2014 13:00:00 GMT-0400 (EDT),-999
0x816C,31.930648967551615,31.90619469026545,0,1025.0695575221243,84.59734513274346,4.408407079646033,0,0,Sat Aug 30 2014 15:00:00 GMT-0400 (EDT),-999
0x816C,25.96055718475074,26.041935483870997,0,1024.2377126099711,80.57243401759528,4.4091788856305145,0,0,Sat Aug 30 2014 17:00:00 GMT-0400 (EDT),-999
0x816C,21.39950292397661,21.496783625731013,0,1023.9171345029239,81.53450292397659,4.406345029239782,0,0,Sat Aug 30 2014 19:00:00 GMT-0400 (EDT),-999
0x816C,18.54601744186046,18.62383720930231,0,1023.8764825581394,83.72470930232562,4.405377906976762,0,0,Sat Aug 30 2014 21:00:00 GMT-0400 (EDT),-999
0x816C,16.72505813953488,16.780232558139524,0,1023.3692151162779,84.97151162790696,4.404563953488389,0,0,Sat Aug 30 2014 23:00:00 GMT-0400 (EDT),-999
0x816C,17.788284883720923,17.77383720930235,0,1022.7829360465116,93.04709302325564,4.408023255813973,0,0,Sun Aug 31 2014 01:00:00 GMT-0400 (EDT),-999
0x816C,20.339679300291547,20.2714285714286,0,1021.9045772594754,94.4970845481049,4.404985422740541,0,0,Sun Aug 31 2014 03:00:00 GMT-0400 (EDT),-999
0x816C,21.770058309037918,21.699416909620975,0,1021.5674052478148,93.39446064139909,4.4078134110787355,0,0,Sun Aug 31 2014 05:00:00 GMT-0400 (EDT),-999
0x816C,24.53425219941348,24.392961876832835,0,1021.1451026392969,92.66950146627566,4.403372434017614,0,0,Sun Aug 31 2014 07:00:00 GMT-0400 (EDT),-999
0x816C,29.415116959064225,29.154678362573083,0,1020.4912280701759,85.62719298245615,4.4055263157894915,0,0,Sun Aug 31 2014 09:00:00 GMT-0400 (EDT),-999
0x816C,32.120643274853826,31.94415204678372,0,1019.4701461988302,85.40994152046774,4.407660818713468,0,0,Sun Aug 31 2014 11:00:00 GMT-0400 (EDT),-999
0x816C,33.428357771261,33.3891495601174,0,1018.6793255131955,84.8472140762464,4.410234604105587,0,0,Sun Aug 31 2014 13:00:00 GMT-0400 (EDT),-999
0x816C,34.79815249266862,34.76979472140761,0,1017.7258944281517,79.86275659824035,4.411495601173035,0,0,Sun Aug 31 2014 15:00:00 GMT-0400 (EDT),-999
0x816C,30.401970588235294,30.451764705882336,0,1017.5682058823545,81.33617647058803,4.409029411764721,0,0,Sun Aug 31 2014 17:00:00 GMT-0400 (EDT),-999
0x816C,27.063771929824572,27.116374269005824,0,1017.4440935672518,84.2830409356726,4.412573099415221,0,0,Sun Aug 31 2014 19:00:00 GMT-0400 (EDT),-999
0x816C,25.504956268221587,25.535568513119504,0,1017.0745772594764,86.07055393586012,4.409329446064157,0,0,Sun Aug 31 2014 21:00:00 GMT-0400 (EDT),-999
0x816C,24.684622093023204,24.696511627907142,0,1016.5235465116278,87.33197674418598,4.40863372093025,0,0,Sun Aug 31 2014 23:00:00 GMT-0400 (EDT),-999
0x816C,24.635835777126125,24.60938416422301,0,1016.4446334310855,87.99208211143679,4.4088856304985455,0,0,Mon Sep 01 2014 01:00:00 GMT-0400 (EDT),-999
0x816C,24.368979591836716,24.35947521865892,0,1016.4537609329457,88.06851311953311,4.408833819241996,0,0,Mon Sep 01 2014 03:00:00 GMT-0400 (EDT),-999
0x816C,24.06664723032073,24.042274052478156,0,1017.2026239067048,88.45626822157402,4.405422740524799,0,0,Mon Sep 01 2014 05:00:00 GMT-0400 (EDT),-999
0x816C,25.770997067448697,25.680351906158357,0,1017.5426979472139,87.71202346041058,4.408885630498551,0,0,Mon Sep 01 2014 07:00:00 GMT-0400 (EDT),-999
0x816C,30.54558479532167,30.296491228070163,0,1017.1975438596492,84.57222222222228,4.410380116959081,0,0,Mon Sep 01 2014 09:00:00 GMT-0400 (EDT),-999
0x816C,35.246379821958485,35.02670623145394,0,1016.5712759643916,82.25222551928775,4.410593471810103,0,0,Mon Sep 01 2014 11:00:00 GMT-0400 (EDT),-999
0x816C,36.18217647058824,36.12617647058829,0,1015.8459411764695,81.21705882352944,4.4084411764706015,0,0,Mon Sep 01 2014 13:00:00 GMT-0400 (EDT),-999
0x816C,37.623441176470564,37.59117647058827,0,1015.2239411764705,76.02941176470574,4.411823529411776,0,0,Mon Sep 01 2014 15:00:00 GMT-0400 (EDT),-999
0x816C,32.49064327485376,32.553801169590635,0,1014.9782456140363,78.39327485380117,4.413421052631593,0,0,Mon Sep 01 2014 17:00:00 GMT-0400 (EDT),-999
0x816C,27.803724340175968,27.908504398827024,0,1015.4982404692067,81.33108504398825,4.41668621700881,0,0,Mon Sep 01 2014 19:00:00 GMT-0400 (EDT),-999
0x816C,25.495626822157455,25.569387755102024,0,1015.9903206997096,84.54139941690963,4.409067055393599,0,0,Mon Sep 01 2014 21:00:00 GMT-0400 (EDT),-999
0x816C,24.326151603498534,24.363265306122507,0,1015.8986297376097,86.55685131195352,4.41297376093296,0,0,Mon Sep 01 2014 23:00:00 GMT-0400 (EDT),-999
0x816C,23.729127906976732,23.738372093023262,0,1015.3839534883718,87.52122093023257,4.410465116279087,0,0,Tue Sep 02 2014 01:00:00 GMT-0400 (EDT),-999
0x816C,23.304428152492655,23.28856304985336,0,1014.5386217008801,88.3451612903225,4.41193548387098,0,0,Tue Sep 02 2014 03:00:00 GMT-0400 (EDT),-999
0x816C,23.206140350877195,23.18245614035089,0,1014.5683625730998,89.3388888888889,4.414502923976623,0,0,Tue Sep 02 2014 05:00:00 GMT-0400 (EDT),-999
0x816C,25.70280701754384,25.561695906432774,0,1015.1845029239761,88.85701754385968,4.409473684210541,0,0,Tue Sep 02 2014 07:00:00 GMT-0400 (EDT),-999
0x816C,31.308099415204648,30.993859649122797,0,1015.4091228070168,83.5114035087719,4.414649122807031,0,0,Tue Sep 02 2014 09:00:00 GMT-0400 (EDT),-999
0x816C,34.48330357142861,34.2907738095237,0,1014.2607738095231,85.02410714285706,4.409910714285731,0,0,Tue Sep 02 2014 11:00:00 GMT-0400 (EDT),-999
0x816C,35.97973607038122,35.94281524926684,0,1012.8684164222874,84.24252199413495,4.409794721407636,0,0,Tue Sep 02 2014 13:00:00 GMT-0400 (EDT),-999
0x816C,38.04392961876834,38.008504398827,0,1011.8922873900299,77.02844574780057,4.413489736070397,0,0,Tue Sep 02 2014 15:00:00 GMT-0400 (EDT),-999
0x816C,33.54312865497078,33.60029239766082,0,1011.6697660818722,78.67982456140352,4.41178362573101,0,0,Tue Sep 02 2014 17:00:00 GMT-0400 (EDT),-999
0x816C,28.746774193548408,28.856891495601175,0,1011.1054252199414,81.20439882697951,4.416422287390042,0,0,Tue Sep 02 2014 19:00:00 GMT-0400 (EDT),-999
0x816C,26.158134110787167,26.236734693877576,0,1010.6240524781348,84.35218658892126,4.412303206997099,0,0,Tue Sep 02 2014 21:00:00 GMT-0400 (EDT),-999
0x816C,25.12247813411079,25.150437317784267,0,1009.7756268221575,86.48104956268206,4.410437317784271,0,0,Tue Sep 02 2014 23:00:00 GMT-0400 (EDT),-999
0x816C,24.61825581395348,24.632558139534908,0,1008.6726744186054,87.58720930232577,4.412093023255828,0,0,Wed Sep 03 2014 01:00:00 GMT-0400 (EDT),-999
0x816C,24.023965014577243,24.032361516034918,0,1008.8104373177837,87.77113702623895,4.406618075801767,0,0,Wed Sep 03 2014 03:00:00 GMT-0400 (EDT),-999
0x816C,23.354548104956244,23.349271137026253,0,1011.1971428571445,88.43498542274057,4.405247813411095,0,0,Wed Sep 03 2014 05:00:00 GMT-0400 (EDT),-999
0x816C,27.91629737609332,27.63615160349854,0,1013.516064139942,86.05276967930028,4.407784256559783,0,0,Wed Sep 03 2014 07:00:00 GMT-0400 (EDT),-999
0x816C,32.565865102639286,32.27741935483869,0,1015.2149266862169,81.50674486803526,4.408973607038136,0,0,Wed Sep 03 2014 09:00:00 GMT-0400 (EDT),-999
0x816C,33.708709677419336,33.63255131964803,0,1015.6503519061579,83.78563049853373,4.41038123167157,0,0,Wed Sep 03 2014 11:00:00 GMT-0400 (EDT),-999
0x816C,34.42184750733139,34.50879765395893,0,1016.5502639296193,89.15601173020518,4.4105278592375505,0,0,Wed Sep 03 2014 13:00:00 GMT-0400 (EDT),-999
0x816C,37.45580645161288,37.5266862170088,0,1017.0646920821109,75.95571847507331,4.4114956011730335,0,0,Wed Sep 03 2014 15:00:00 GMT-0400 (EDT),-999
0x816C,30.933421052631576,31.09298245614036,0,1017.7964035087716,74.44327485380113,4.416081871345046,0,0,Wed Sep 03 2014 17:00:00 GMT-0400 (EDT),-999
0x816C,23.788596491228066,23.976900584795313,0,1019.0323391812865,74.82777777777768,4.40894736842107,0,0,Wed Sep 03 2014 19:00:00 GMT-0400 (EDT),-999
0x816C,19.688134110787168,19.81807580174927,0,1019.9127696793001,77.76326530612255,4.4051895043731975,0,0,Wed Sep 03 2014 21:00:00 GMT-0400 (EDT),-999
0x816C,17.800668604651168,17.871802325581335,0,1020.4112790697667,83.45029069767446,4.404011627906994,0,0,Wed Sep 03 2014 23:00:00 GMT-0400 (EDT),-999
0x816C,17.092441860465126,17.13401162790696,0,1020.8123837209295,85.17587209302317,4.401656976744205,0,0,Thu Sep 04 2014 01:00:00 GMT-0400 (EDT),-999
0x816C,15.779271137026253,15.820991253644271,0,1021.4927113702628,86.0104956268222,4.397755102040835,0,0,Thu Sep 04 2014 03:00:00 GMT-0400 (EDT),-999
0x816C,15.146871345029258,15.167836257309892,0,1022.4583040935669,88.88596491228071,4.40081871345031,0,0,Thu Sep 04 2014 05:00:00 GMT-0400 (EDT),-999
0x816C,23.529529411764717,23.149117647058826,0,1023.968235294117,93.84029411764703,4.404588235294131,0,0,Thu Sep 04 2014 07:00:00 GMT-0400 (EDT),-999
0x816C,32.31680473372771,31.825443786982287,0,1024.3633431952658,79.2251479289941,4.410325443787,0,0,Thu Sep 04 2014 09:00:00 GMT-0400 (EDT),-999
0x816C,32.6286549707603,32.508771929824384,0,1023.2721052631572,83.28538011695905,4.4056432748538175,0,0,Thu Sep 04 2014 11:00:00 GMT-0400 (EDT),-999
0x816C,34.04542521994134,34.11642228739002,0,1022.632346041055,94.69384164222869,4.405161290322597,0,0,Thu Sep 04 2014 13:00:00 GMT-0400 (EDT),-999
0x816C,38.27588235294125,38.31999999999993,0,1022.1987941176469,78.0411764705883,4.405264705882372,0,0,Thu Sep 04 2014 15:00:00 GMT-0400 (EDT),-999
0x816C,31.99829912023461,32.10733137829911,0,1021.7708211143702,77.63372434017599,4.405073313783006,0,0,Thu Sep 04 2014 17:00:00 GMT-0400 (EDT),-999
0x816C,26.025,26.1845029239766,0,1022.6634502923982,78.32953216374267,4.4051169590643475,0,0,Thu Sep 04 2014 19:00:00 GMT-0400 (EDT),-999
0x816C,22.87297376093294,22.989504373177812,0,1022.9308163265305,82.21836734693876,4.399737609329458,0,0,Thu Sep 04 2014 21:00:00 GMT-0400 (EDT),-999
0x816C,22.116967930029166,22.16326530612247,0,1022.6738483965012,87.0291545189504,4.411836734693892,0,0,Thu Sep 04 2014 23:00:00 GMT-0400 (EDT),-999
0x816C,21.632894736842093,21.63888888888883,0,1022.6605847953206,88.27456140350888,4.406929824561418,0,0,Fri Sep 05 2014 01:00:00 GMT-0400 (EDT),-999
0x816C,21.238377581120922,21.235398230088524,0,1022.9868141592916,89.54454277286138,4.401327433628336,0,0,Fri Sep 05 2014 03:00:00 GMT-0400 (EDT),-999
0x816C,21.10904069767443,21.091569767441896,0,1023.0511627906983,91.23401162790701,4.406744186046532,0,0,Fri Sep 05 2014 05:00:00 GMT-0400 (EDT),-999
0x816C,25.666880466472314,25.40262390670555,0,1023.3191545189503,94.76734693877553,4.40017492711372,0,0,Fri Sep 05 2014 07:00:00 GMT-0400 (EDT),-999
0x816C,31.989269005847895,31.61432748538015,0,1023.4678947368415,84.4383040935673,4.399356725146217,0,0,Fri Sep 05 2014 09:00:00 GMT-0400 (EDT),-999
0x816C,33.36885964912274,33.20994152046793,0,1022.3876608187138,86.73976608187145,4.401812865497094,0,0,Fri Sep 05 2014 11:00:00 GMT-0400 (EDT),-999
0x816C,34.07388235294119,34.07735294117648,0,1021.1950882352946,90.2420588235294,4.403029411764723,0,0,Fri Sep 05 2014 13:00:00 GMT-0400 (EDT),-999
0x816C,36.067595307917905,36.0621700879765,0,1021.0433137829914,79.96041055718477,4.405014662756616,0,0,Fri Sep 05 2014 15:00:00 GMT-0400 (EDT),-999
0x816C,31.033372781065108,31.130769230769232,0,1020.1295562130174,79.82899408284032,4.402958579881674,0,0,Fri Sep 05 2014 17:00:00 GMT-0400 (EDT),-999
0x816C,27.032280701754377,27.131671554252172,0,1019.5878947368418,83.38859649122809,4.4003801169590835,0,0,Fri Sep 05 2014 19:00:00 GMT-0400 (EDT),-999
0x816C,25.579154518950457,25.633819241982426,0,1018.749416909621,86.58600583090387,4.402857142857161,0,0,Fri Sep 05 2014 21:00:00 GMT-0400 (EDT),-999
0x816C,25.55514619883046,25.57719298245631,0,1017.9525730994139,88.89999999999958,4.401345029239784,0,0,Fri Sep 05 2014 23:00:00 GMT-0400 (EDT),-999
0x816C,25.543965014577232,25.53702623906699,0,1017.1932361516034,89.18163265306072,4.404985422740546,0,0,Sat Sep 06 2014 01:00:00 GMT-0400 (EDT),-999
0x816C,25.419533527696803,25.39999999999984,0,1016.7868804664723,89.09999999999945,4.4033236151603665,0,0,Sat Sep 06 2014 03:00:00 GMT-0400 (EDT),-999
0x816C,25.477434402332364,25.441690962099106,0,1016.4992419825078,89.04868804664702,4.398017492711388,0,0,Sat Sep 06 2014 05:00:00 GMT-0400 (EDT),-999
0x816C,26.460758017492687,26.400291545189518,0,1016.114839650146,88.60466472303197,4.395889212828008,0,0,Sat Sep 06 2014 07:00:00 GMT-0400 (EDT),-999
0x816C,29.942982456140303,29.797953216374328,0,1015.316432748538,84.55292397660831,4.39611111111113,0,0,Sat Sep 06 2014 09:00:00 GMT-0400 (EDT),-999
0x816C,32.69155425219939,32.54076246334303,0,1014.0307917888562,83.24105571847515,4.399736070381251,0,0,Sat Sep 06 2014 11:00:00 GMT-0400 (EDT),-999
0x816C,34.68497076023392,34.63830409356726,0,1012.437397660819,85.21491228070178,4.400555555555576,0,0,Sat Sep 06 2014 13:00:00 GMT-0400 (EDT),-999
0x816C,37.0190322580645,36.99354838709684,0,1011.2032844574777,79.3407624633431,4.400322580645181,0,0,Sat Sep 06 2014 15:00:00 GMT-0400 (EDT),-999
0x816C,31.77298245614035,31.85497076023392,0,1010.7198830409367,80.64064327485377,4.402894736842124,0,0,Sat Sep 06 2014 17:00:00 GMT-0400 (EDT),-999
0x816C,28.29732352941175,28.377647058823523,0,1012.525735294118,83.62470588235276,4.401176470588253,0,0,Sat Sep 06 2014 19:00:00 GMT-0400 (EDT),-999
0x816C,25.649387755102044,25.721282798833872,0,1013.5713411078718,84.32157434402335,4.402507288629753,0,0,Sat Sep 06 2014 21:00:00 GMT-0400 (EDT),-999
0x816C,24.3485087719298,24.385672514619877,0,1014.5276608187127,86.97339181286533,4.399064327485395,0,0,Sat Sep 06 2014 23:00:00 GMT-0400 (EDT),-999
0x816C,23.050994152046773,23.070467836257315,0,1014.7960233918134,86.8520467836258,4.3943859649123,0,0,Sun Sep 07 2014 01:00:00 GMT-0400 (EDT),-999
0x816C,20.696355685131206,20.74577259475218,0,1011.6431486880471,86.47842565597668,4.394897959183689,0,0,Sun Sep 07 2014 03:00:00 GMT-0400 (EDT),-999
0x816C,20.1133527696793,20.14606413994172,0,1012.5730903790088,89.52478134110821,4.394081632653081,0,0,Sun Sep 07 2014 05:00:00 GMT-0400 (EDT),-999
0x816C,21.389883720930236,21.28633720930233,0,1018.9777616279067,93.66511627906979,4.3950000000000164,0,0,Sun Sep 07 2014 07:00:00 GMT-0400 (EDT),-999
0x816C,27.88918128654974,27.56900584795323,0,1024.132134502924,87.91988304093576,4.395321637426921,0,0,Sun Sep 07 2014 09:00:00 GMT-0400 (EDT),-999
0x816C,28.18247813411071,28.14373177842567,0,1020.2359475218659,86.25918367346941,4.395043731778445,0,0,Sun Sep 07 2014 11:00:00 GMT-0400 (EDT),-999
0x816C,29.24225806451612,29.346627565982402,0,1020.7516129032256,95.23225806451623,4.397683284457499,0,0,Sun Sep 07 2014 13:00:00 GMT-0400 (EDT),-999
0x816C,34.059824561403474,34.18918128654971,0,1020.8124561403504,79.58362573099419,4.397426900584814,0,0,Sun Sep 07 2014 15:00:00 GMT-0400 (EDT),-999
0x816C,26.78988269794721,26.983870967741925,0,1021.2504692082109,74.11847507331363,4.395366568914973,0,0,Sun Sep 07 2014 17:00:00 GMT-0400 (EDT),-999
0x816C,20.091889534883727,20.28052325581396,0,1022.506744186046,74.88372093023266,4.389709302325603,0,0,Sun Sep 07 2014 19:00:00 GMT-0400 (EDT),-999
0x816C,16.21343023255815,16.34970930232558,0,1023.939360465117,77.93343023255824,4.392441860465137,0,0,Sun Sep 07 2014 21:00:00 GMT-0400 (EDT),-999
0x816C,14.167761627906982,14.245639534883747,0,1024.7609302325577,81.42151162790691,4.388953488372112,0,0,Sun Sep 07 2014 23:00:00 GMT-0400 (EDT),-999
0x816C,12.862690058479537,12.916666666666671,0,1025.4531578947363,84.79239766081871,4.397339181286565,0,0,Mon Sep 08 2014 01:00:00 GMT-0400 (EDT),-999
0x816C,12.181104651162778,12.205232558139505,0,1026.0708720930218,89.3055232558139,4.392354651162804,0,0,Mon Sep 08 2014 03:00:00 GMT-0400 (EDT),-999
0x816C,11.751275362318845,11.763478260869539,0,1027.1575072463777,91.23362318840576,4.393014492753632,0,0,Mon Sep 08 2014 05:00:00 GMT-0400 (EDT),-999
0x816C,19.18906976744186,18.92790697674419,0,1028.7445348837216,99.24999999999991,4.391424418604674,0,0,Mon Sep 08 2014 07:00:00 GMT-0400 (EDT),-999
0x816C,27.26749271137024,26.879883381924266,2.7259475218658893,1029.807813411079,91.8798833819242,4.386997084548123,0,0,Mon Sep 08 2014 09:00:00 GMT-0400 (EDT),-999
0x816C,28.13687134502925,28.047368421052507,0,1030.2406140350877,89.13450292397654,4.387865497076044,0,0,Mon Sep 08 2014 11:00:00 GMT-0400 (EDT),-999
0x816C,30.402953216374293,30.425438596491176,0,1030.6431286549714,99.35292397660794,4.394766081871364,0,0,Mon Sep 08 2014 13:00:00 GMT-0400 (EDT),-999
0x816C,30.442676470588236,30.528823529411785,0,1030.0387941176475,94.75705882352945,4.401029411764724,0,0,Mon Sep 08 2014 15:00:00 GMT-0400 (EDT),-999
0x816C,25.305454545454555,25.413196480938403,0,1029.8768421052628,84.57865497076028,4.389444444444461,0,0,Mon Sep 08 2014 17:00:00 GMT-0400 (EDT),-999
0x816C,21.086715542522004,21.18739002932551,0,1029.7487976539585,83.77448680351898,4.386627565982419,0,0,Mon Sep 08 2014 19:00:00 GMT-0400 (EDT),-999
0x816C,19.378596491228084,19.419883040935723,0,1029.773011695906,87.60526315789474,4.383976608187149,0,0,Mon Sep 08 2014 21:00:00 GMT-0400 (EDT),-999
0x816C,19.169675516224213,19.17345132743357,0,1029.5565486725668,90.93185840707943,4.386253687315646,0,0,Mon Sep 08 2014 23:00:00 GMT-0400 (EDT),-999
0x816C,19.335847953216337,19.30058479532175,0,1029.0591812865491,92.41052631578931,4.386900584795328,0,0,Tue Sep 09 2014 01:00:00 GMT-0400 (EDT),-999
0x816C,19.287017543859644,19.284795321637496,0,1028.7589181286542,93.0640350877192,4.384269005847962,0,0,Tue Sep 09 2014 03:00:00 GMT-0400 (EDT),-999
0x816C,19.2172886297376,19.185964912280824,0,1028.7248396501464,93.41107871720124,4.384723032069982,0,0,Tue Sep 09 2014 05:00:00 GMT-0400 (EDT),-999
0x816C,19.93489795918368,19.874052478134086,0,1028.819212827988,95.58892128279888,4.387405247813413,0,0,Tue Sep 09 2014 07:00:00 GMT-0400 (EDT),-999
0x816C,24.608837209302333,24.466860465116312,0,1029.085523255814,99.38459302325577,4.383023255813968,0,0,Tue Sep 09 2014 09:00:00 GMT-0400 (EDT),-999
0x816C,27.701348973607022,27.624926686216995,0,1028.5239589442813,93.94780058651028,4.383636363636379,0,0,Tue Sep 09 2014 11:00:00 GMT-0400 (EDT),-999
0x816C,28.677492711370277,28.655393586005818,0,1027.2077259475218,93.70029154518949,4.386180758017509,0,0,Tue Sep 09 2014 13:00:00 GMT-0400 (EDT),-999
0x816C,28.27301169590642,28.301754385964962,0,1025.9181871345024,92.77836257309934,4.383099415204695,0,0,Tue Sep 09 2014 15:00:00 GMT-0400 (EDT),-999
0x816C,24.658475073313785,24.71612903225805,0,1024.9529325513197,88.14662756598237,4.385513196480949,0,0,Tue Sep 09 2014 17:00:00 GMT-0400 (EDT),-999
0x816C,21.563556851311954,21.638483965014565,0,1024.7422157434405,88.72099125364433,4.389067055393596,0,0,Tue Sep 09 2014 19:00:00 GMT-0400 (EDT),-999
0x816C,20.047209302325573,20.13255813953481,0,1024.546075581395,92.76017441860463,4.3855232558139585,0,0,Tue Sep 09 2014 21:00:00 GMT-0400 (EDT),-999
0x816C,19.31578488372095,19.373546511627918,0,1023.46613372093,94.8470930232557,4.390232558139531,0,0,Tue Sep 09 2014 23:00:00 GMT-0400 (EDT),-999
0x816C,18.931773255813955,18.972093023255756,0,1022.5545639534878,96.24215116279056,4.379447674418599,0,0,Wed Sep 10 2014 01:00:00 GMT-0400 (EDT),-999
0x816C,18.5312573099415,18.560526315789353,0,1021.7664035087718,96.88362573099431,4.377573099415203,0,0,Wed Sep 10 2014 03:00:00 GMT-0400 (EDT),-999
0x816C,18.374256559766742,18.38396501457726,0,1021.9663848396509,97.64752186588903,4.381486880466467,0,0,Wed Sep 10 2014 05:00:00 GMT-0400 (EDT),-999
0x816C,19.36333333333333,19.336549707602323,0,1022.5213450292389,99.22368421052636,4.377163742690053,0,0,Wed Sep 10 2014 07:00:00 GMT-0400 (EDT),-999
0x816C,25.491836734693873,25.243731778425683,0,1022.1801749271136,95.67405247813413,4.381982507288632,0,0,Wed Sep 10 2014 09:00:00 GMT-0400 (EDT),-999
0x816C,29.32483870967741,29.131671554252215,0,1022.1556011730212,86.71173020527861,4.3781524926686215,0,0,Wed Sep 10 2014 11:00:00 GMT-0400 (EDT),-999
0x816C,30.522639296187688,30.427272727272687,0,1021.7369794721408,87.80997067448672,4.3809970674486856,0,0,Wed Sep 10 2014 13:00:00 GMT-0400 (EDT),-999
0x816C,29.168567251461965,29.127777777777812,0,1020.4986549707605,85.39298245614036,4.387485380116961,0,0,Wed Sep 10 2014 15:00:00 GMT-0400 (EDT),-999
0x816C,25.230147058823533,25.249117647058824,0,1020.456205882352,85.28235294117641,4.381882352941179,0,0,Wed Sep 10 2014 17:00:00 GMT-0400 (EDT),-999
0x816C,20.431482558139543,20.57674418604642,0,1019.8157558139529,86.58575581395357,4.384941860465113,0,0,Wed Sep 10 2014 19:00:00 GMT-0400 (EDT),-999
0x816C,18.723596491228083,18.828654970760276,0,1019.5759941520461,91.60233918128648,4.384385964912276,0,0,Wed Sep 10 2014 21:00:00 GMT-0400 (EDT),-999
0x816C,17.262115942028966,17.363768115942044,0,1019.2315362318844,91.78811594202904,4.3846086956521715,0,0,Wed Sep 10 2014 23:00:00 GMT-0400 (EDT),-999
0x816C,14.395959302325611,14.540697674418578,0,1018.553488372093,90.01686046511624,4.379593023255807,0,0,Thu Sep 11 2014 01:00:00 GMT-0400 (EDT),-999
0x816C,14.945565217391305,15.015072463768155,0,1017.9262898550732,98.36724637681161,4.382202898550717,0,0,Thu Sep 11 2014 03:00:00 GMT-0400 (EDT),-999
0x816C,13.381366279069766,13.478197674418636,0,1017.6356686046507,93.23953488372081,4.376831395348819,0,0,Thu Sep 11 2014 05:00:00 GMT-0400 (EDT),-999
0x816C,20.003808139534875,19.677906976744183,0,1017.1957267441861,98.24563953488374,4.37741279069767,0,0,Thu Sep 11 2014 07:00:00 GMT-0400 (EDT),-999
0x816C,27.612852941176484,27.18764705882351,0,1016.1263235294111,84.63588235294107,4.375882352941174,0,0,Thu Sep 11 2014 09:00:00 GMT-0400 (EDT),-999
0x816C,29.932970588235282,29.679705882352874,0,1014.4270000000005,83.28264705882364,4.379764705882352,0,0,Thu Sep 11 2014 11:00:00 GMT-0400 (EDT),-999
0x816C,30.998421052631578,30.81403508771929,0,1012.9277485380118,82.71520467836248,4.380730994152048,0,0,Thu Sep 11 2014 13:00:00 GMT-0400 (EDT),-999
0x816C,32.15175438596495,32.01549707602335,0,1011.6165497076026,82.24298245614044,4.379736842105263,0,0,Thu Sep 11 2014 15:00:00 GMT-0400 (EDT),-999
0x816C,28.996198830409366,28.93216374269004,0,1011.3517836257312,82.70672514619882,4.379356725146195,0,0,Thu Sep 11 2014 17:00:00 GMT-0400 (EDT),-999
0x816C,25.775497076023395,25.798245614035093,0,1011.8734210526314,85.82251461988307,4.380175438596493,0,0,Thu Sep 11 2014 19:00:00 GMT-0400 (EDT),-999
0x816C,22.876976744186052,22.984302325581407,0,1012.7106686046518,90.19505813953494,4.378837209302317,0,0,Thu Sep 11 2014 21:00:00 GMT-0400 (EDT),-999
0x816C,21.09553935860059,21.19475218658894,0.0029154518950437317,1013.5398250728869,91.53935860058296,4.379387755102039,0,0,Thu Sep 11 2014 23:00:00 GMT-0400 (EDT),-999
0x816C,18.223594202898553,18.358260869565218,0,1014.7980869565222,88.9240579710145,4.374405797101437,0,0,Fri Sep 12 2014 01:00:00 GMT-0400 (EDT),-999
0x816C,15.420263157894725,15.57777777777777,0,1015.9265497076024,89.38216374269,4.3771345029239646,0,0,Fri Sep 12 2014 03:00:00 GMT-0400 (EDT),-999
0x816C,13.350000000000005,13.485465116279096,0,1017.240959302325,90.47500000000005,4.376424418604634,0,0,Fri Sep 12 2014 05:00:00 GMT-0400 (EDT),-999
0x816C,19.479244186046508,19.16802325581395,0,1019.2675,96.51802325581393,4.37430232558139,0,0,Fri Sep 12 2014 07:00:00 GMT-0400 (EDT),-999
0x816C,26.218613569321548,25.807374631268573,0,1020.3421828908562,86.18938053097335,4.372772861356926,0,0,Fri Sep 12 2014 09:00:00 GMT-0400 (EDT),-999
0x816C,27.137900874635605,26.98104956268225,0,1020.8544314868793,85.70816326530617,4.377259475218648,0,0,Fri Sep 12 2014 11:00:00 GMT-0400 (EDT),-999
0x816C,28.684222873900303,28.692961876832825,0,1021.1382111436953,96.4087976539589,4.38340175953081,0,0,Fri Sep 12 2014 13:00:00 GMT-0400 (EDT),-999
0x816C,33.38385964912278,33.471345029239735,0,1021.6500584795325,82.79415204678367,4.378713450292399,0,0,Fri Sep 12 2014 15:00:00 GMT-0400 (EDT),-999
0x816C,25.705935672514617,25.7827485380117,0,1021.8957309941505,73.35906432748533,4.377631578947359,0,0,Fri Sep 12 2014 17:00:00 GMT-0400 (EDT),-999
0x816C,19.085348837209292,19.11831395348838,0,1023.0038372093034,74.47238372093024,4.379593023255799,0,0,Fri Sep 12 2014 19:00:00 GMT-0400 (EDT),-999
0x816C,15.630232558139538,15.657848837209306,0,1024.3866279069773,78.48691860465122,4.374709302325562,0,0,Fri Sep 12 2014 21:00:00 GMT-0400 (EDT),-999
0x816C,13.682215743440226,13.662390670553942,0,1025.104897959183,82.60670553935866,4.3718950437317625,0,0,Fri Sep 12 2014 23:00:00 GMT-0400 (EDT),-999
0x816C,13.00089855072467,13.033913043478229,0.008695652173913044,1025.2238550724644,90.46637681159417,4.3729565217391135,0,0,Sat Sep 13 2014 01:00:00 GMT-0400 (EDT),-999
0x816C,13.347536231884076,13.385507246376836,0,1025.0638260869573,95.9226086956521,4.3713913043478065,0,0,Sat Sep 13 2014 03:00:00 GMT-0400 (EDT),-999
0x816C,13.390087463556851,13.417201166180773,0,1025.64253644315,95.95714285714284,4.3694460641399235,0,0,Sat Sep 13 2014 05:00:00 GMT-0400 (EDT),-999
0x816C,20.167456140350883,19.92251461988305,0,1026.4860233918137,102.35438596491238,4.371578947368403,0,0,Sat Sep 13 2014 07:00:00 GMT-0400 (EDT),-999
0x816C,26.209008746355703,25.852478134110754,0,1025.6536443148689,92.53032069970837,4.372944606413982,0,0,Sat Sep 13 2014 09:00:00 GMT-0400 (EDT),-999
0x816C,29.030411764705857,28.837941176470498,0,1025.0915294117647,88.77088235294126,4.375294117647046,0,0,Sat Sep 13 2014 11:00:00 GMT-0400 (EDT),-999
0x816C,30.836403508771916,30.775146198830452,0,1024.0319883040938,97.31257309941506,4.377309941520451,0,0,Sat Sep 13 2014 13:00:00 GMT-0400 (EDT),-999
0x816C,29.33695906432749,29.320467836257357,0,1022.111403508773,89.40818713450304,4.374970760233904,0,0,Sat Sep 13 2014 15:00:00 GMT-0400 (EDT),-999
0x816C,25.355481049562687,25.311661807580172,0,1022.7797084548095,85.58717201166193,4.3723032069970715,0,0,Sat Sep 13 2014 17:00:00 GMT-0400 (EDT),-999
0x816C,20.87533527696793,20.955685131195327,0,1014.0039358600584,85.10291545189503,4.373644314868787,0,0,Sat Sep 13 2014 19:00:00 GMT-0400 (EDT),-999
0x816C,18.49023255813953,18.605232558139484,0,1010.3862790697668,91.43255813953492,4.371308139534869,0,0,Sat Sep 13 2014 21:00:00 GMT-0400 (EDT),-999
0x816C,17.48763848396501,17.57609329446058,0.0029154518950437317,1009.0070553935863,93.34693877551028,4.372186588921266,0,0,Sat Sep 13 2014 23:00:00 GMT-0400 (EDT),-999
0x816C,15.50542028985508,15.61999999999996,0,1003.888695652174,92.0710144927537,4.373159420289833,0,0,Sun Sep 14 2014 01:00:00 GMT-0400 (EDT),-999
0x816C,12.586492753623187,12.748405797101451,0,995.3315942028975,89.41623188405788,4.373246376811576,0,0,Sun Sep 14 2014 03:00:00 GMT-0400 (EDT),-999
0x816C,10.829154518950427,10.97463556851309,0,996.8400583090381,91.92157434402327,4.366647230320678,0,0,Sun Sep 14 2014 05:00:00 GMT-0400 (EDT),-999
0x816C,16.396540697674414,16.09360465116279,0,1017.3078488372093,99.26773255813957,4.366482558139513,0,0,Sun Sep 14 2014 07:00:00 GMT-0400 (EDT),-999
0x816C,23.413753665689146,22.967155425219996,0,1032.1295601173026,87.73137829911998,4.371085043988254,0,0,Sun Sep 14 2014 09:00:00 GMT-0400 (EDT),-999
0x816C,23.519708454810516,23.3991253644315,0,1028.4067055393589,85.88192419825056,4.366793002915434,0,0,Sun Sep 14 2014 11:00:00 GMT-0400 (EDT),-999
0x816C,25.956735294117667,25.94882352941176,0,1030.1364117647051,98.06088235294119,4.372176470588238,0,0,Sun Sep 14 2014 13:00:00 GMT-0400 (EDT),-999
0x816C,30.66719298245614,30.762573099415228,0,1023.9711403508774,90.37105263157886,4.369999999999981,0,0,Sun Sep 14 2014 15:00:00 GMT-0400 (EDT),-999
0x816C,23.687959183673467,23.737026239067063,0,1023.4452769679294,77.4650145772595,4.369562682215726,0,0,Sun Sep 14 2014 17:00:00 GMT-0400 (EDT),-999
0x816C,18.03037790697674,18.06686046511627,0,1024.138546511627,77.45610465116279,4.3687499999999835,0,0,Sun Sep 14 2014 19:00:00 GMT-0400 (EDT),-999
0x816C,15.69591304347824,15.698550724637615,0,1024.8051304347828,82.9611594202898,4.368608695652155,0,0,Sun Sep 14 2014 21:00:00 GMT-0400 (EDT),-999
0x816C,13.841075581395351,13.815406976744184,0,1023.827761627908,83.42558139534873,4.368459302325558,0,0,Sun Sep 14 2014 23:00:00 GMT-0400 (EDT),-999
0x816C,12.68484057971015,12.667826086956508,0,1024.6502028985503,88.41623188405798,4.3664637681159215,0,0,Mon Sep 15 2014 01:00:00 GMT-0400 (EDT),-999
0x816C,10.600437317784246,10.69533527696793,0.0058309037900874635,1023.8284548104956,88.59912536443153,4.363498542274036,0,0,Mon Sep 15 2014 03:00:00 GMT-0400 (EDT),-999
0x816C,8.702965116279044,8.816279069767425,0,1025.4125872093027,91.39244186046498,4.372499999999982,0,0,Mon Sep 15 2014 05:00:00 GMT-0400 (EDT),-999
0x816C,16.53648255813953,16.23459302325581,0,1027.7871220930226,101.64156976744188,4.365348837209284,0,0,Mon Sep 15 2014 07:00:00 GMT-0400 (EDT),-999
0x816C,24.122668621700875,23.69970674486806,0,1025.6628152492667,93.51818181818177,4.3668621700879555,0,0,Mon Sep 15 2014 09:00:00 GMT-0400 (EDT),-999
0x816C,24.566754385964884,24.40292397660818,0,1024.5473099415203,90.20584795321633,4.3654970760233685,0,0,Mon Sep 15 2014 11:00:00 GMT-0400 (EDT),-999
0x816C,26.863206997084543,26.804956268221577,0,1024.096530612246,99.26122448979577,4.374664723032093,0,0,Mon Sep 15 2014 13:00:00 GMT-0400 (EDT),-999
0x816C,31.17438235294118,31.180588235294138,0,1022.4940882352946,89.6588235294117,4.3718235294117465,0,0,Mon Sep 15 2014 15:00:00 GMT-0400 (EDT),-999
0x816C,24.228017492711366,24.25860058309037,0,1021.2059475218657,78.40758017492706,4.367813411078697,0,0,Mon Sep 15 2014 17:00:00 GMT-0400 (EDT),-999
0x816C,17.25342028985509,17.28724637681159,0,1021.8866956521744,76.54927536231894,4.366492753623168,0,0,Mon Sep 15 2014 19:00:00 GMT-0400 (EDT),-999
0x816C,14.757405247813406,14.845481049562698,0,1021.8866180758018,84.27259475218658,4.36332361516033,0,0,Mon Sep 15 2014 21:00:00 GMT-0400 (EDT),-999
0x816C,11.578376811594199,11.766666666666664,0.002898550724637681,1020.8376521739121,86.36666666666663,4.36231884057969,0,0,Mon Sep 15 2014 23:00:00 GMT-0400 (EDT),-999
0x816C,9.020927536231884,9.202318840579759,0.008695652173913044,1020.7338260869569,87.97449275362318,4.366695652173898,0,0,Tue Sep 16 2014 01:00:00 GMT-0400 (EDT),-999
0x816C,8.93823188405797,9.04811594202897,0.005797101449275362,1019.8397391304338,94.0666666666665,4.360405797101431,0,0,Tue Sep 16 2014 03:00:00 GMT-0400 (EDT),-999
0x816C,9.313043478260862,9.389565217391302,0.005797101449275362,1019.7179130434779,97.30086956521743,4.362985507246359,0,0,Tue Sep 16 2014 05:00:00 GMT-0400 (EDT),-999
0x816C,13.040581395348832,12.947674418604656,0.0029069767441860465,1021.0774709302322,102.02209302325575,4.358779069767421,0,0,Tue Sep 16 2014 07:00:00 GMT-0400 (EDT),-999
0x816C,23.677354651162787,23.409593023255766,0,1019.6829069767431,99.87412790697695,4.388750000000011,0,0,Tue Sep 16 2014 09:00:00 GMT-0400 (EDT),-999
0x816C,26.409624277456683,26.278034682080897,0,1017.0773410404618,90.89219653179192,4.422890173410419,0,0,Tue Sep 16 2014 11:00:00 GMT-0400 (EDT),-999
0x816C,25.706173913043465,25.777971014492774,0,1017.1823188405795,99.96434782608699,4.421449275362331,0,0,Tue Sep 16 2014 13:00:00 GMT-0400 (EDT),-999
0x816C,23.13976878612716,23.282080924855478,0.049132947976878616,1015.0605491329477,91.68843930635816,4.415346820809263,0,0,Tue Sep 16 2014 15:00:00 GMT-0400 (EDT),-999
0x816C,18.798699421965317,19.016473988439312,0.05491329479768786,1013.4738150289022,92.57572254335241,4.409104046242785,0,0,Tue Sep 16 2014 17:00:00 GMT-0400 (EDT),-999
0x816C,15.663285302593659,15.910951008645531,0,1006.7670317002891,91.93717579250723,4.402276657060532,0,0,Tue Sep 16 2014 19:00:00 GMT-0400 (EDT),-999
0x816C,12.569367816091955,12.841379310344847,0,1001.4661494252863,90.72816091954019,4.391609195402296,0,0,Tue Sep 16 2014 21:00:00 GMT-0400 (EDT),-999
0x816C,9.951416184971093,10.227167630057801,0,999.2312138728317,90.68063583815011,4.394306358381497,0,0,Tue Sep 16 2014 23:00:00 GMT-0400 (EDT),-999
0x816C,7.9650720461095075,8.227089337175798,0,999.7914121037473,91.324207492795,4.388270893371754,0,0,Wed Sep 17 2014 01:00:00 GMT-0400 (EDT),-999
0x816C,6.773170028818436,7.0126801152737706,0,1002.4680403458212,92.87089337175776,4.380259365994228,0,0,Wed Sep 17 2014 03:00:00 GMT-0400 (EDT),-999
0x816C,6.189137931034469,6.3942528735631985,0.04885057471264368,1006.0346551724134,94.96580459770117,4.376954022988495,0,0,Wed Sep 17 2014 05:00:00 GMT-0400 (EDT),-999
0x816C,14.817118155619594,14.572622478386169,0,1031.0180115273774,102.02132564841486,4.3723919308357315,0,0,Wed Sep 17 2014 07:00:00 GMT-0400 (EDT),-999
0x816C,25.220494186046498,24.782558139534864,0,1040.411540697674,86.78662790697662,4.3747965116279035,0,0,Wed Sep 17 2014 09:00:00 GMT-0400 (EDT),-999
0x816C,27.011507246376745,26.940579710144892,0,1019.3497101449269,85.22318840579703,4.379072463768116,0,0,Wed Sep 17 2014 11:00:00 GMT-0400 (EDT),-999
0x816C,29.867227138643056,29.944837758112108,0,1017.6867551622412,98.96519174041298,4.381887905604723,0,0,Wed Sep 17 2014 13:00:00 GMT-0400 (EDT),-999
0x816C,34.92851145038172,35.064122137404645,0,1016.1103816793901,86.69809160305341,4.3834732824427505,0,0,Wed Sep 17 2014 15:00:00 GMT-0400 (EDT),-999
0x816C,22.85990990990991,22.999999999999996,0,1015.3645945945948,75.39009009009001,4.385315315315318,0,0,Wed Sep 17 2014 17:00:00 GMT-0400 (EDT),-999
0x816C,20.304444444444442,20.443790849673206,0,1015.676862745098,74.75294117647044,4.381241830065364,0,0,Wed Sep 17 2014 19:00:00 GMT-0400 (EDT),-999
0x816C,32.172910052910076,32.3,0,1017.1084126984126,100.20793650793642,4.35825396825397,0,0,Thu Sep 18 2014 13:00:00 GMT-0400 (EDT),-999
0x816C,34.95715116279071,35.0886627906977,0,1015.995988372093,81.83575581395345,4.365232558139533,0,0,Thu Sep 18 2014 15:00:00 GMT-0400 (EDT),-999
0x816C,26.669446064139933,26.82740524781339,0,1016.2147230320701,75.64127906976736,4.3616326530612115,0,0,Thu Sep 18 2014 17:00:00 GMT-0400 (EDT),-999
0x816C,21.583757225433537,21.687283236994208,0,1018.320491329479,78.85057803468204,4.359046242774557,0,0,Thu Sep 18 2014 19:00:00 GMT-0400 (EDT),-999
0x816C,20.11982507288634,20.17842565597675,0,1020.1055685131191,83.35364431486883,4.356355685131186,0,0,Thu Sep 18 2014 21:00:00 GMT-0400 (EDT),-999
0x816C,19.118526011560682,19.149710982658938,0,1021.5610982658941,84.63757225433515,4.352919075144502,0,0,Thu Sep 18 2014 23:00:00 GMT-0400 (EDT),-999
0x816C,16.585821325648414,16.70000000000001,0.08357348703170028,1022.6729682997116,84.61844380403465,4.345878962536018,0,0,Fri Sep 19 2014 01:00:00 GMT-0400 (EDT),-999
0x816C,13.293775216138327,13.515273775216139,0.13256484149855907,1024.2504034582123,87.48587896253599,4.33766570605186,0,0,Fri Sep 19 2014 03:00:00 GMT-0400 (EDT),-999
0x816C,11.254092219020167,11.480115273775215,0.040345821325648415,1026.265244956773,89.20864553314138,4.329999999999991,0,0,Fri Sep 19 2014 05:00:00 GMT-0400 (EDT),-999
0x816C,14.467947976878618,14.445086705202296,0,1029.2638439306352,99.15895953757219,4.323699421965303,0,0,Fri Sep 19 2014 07:00:00 GMT-0400 (EDT),-999
0x816C,20.065043478260883,19.828115942028955,0,1030.6561449275364,94.49681159420287,4.3326666666666585,0,0,Fri Sep 19 2014 09:00:00 GMT-0400 (EDT),-999
0x816C,21.967196531791885,21.955202312138695,0,1030.672427745664,89.96040462427746,4.329104046242765,0,0,Fri Sep 19 2014 11:00:00 GMT-0400 (EDT),-999
0x816C,23.08546242774569,23.25953757225435,0,1031.1718208092475,95.20115606936416,4.3286994219653065,0,0,Fri Sep 19 2014 13:00:00 GMT-0400 (EDT),-999
0x816C,25.83504347826085,26.063188405797113,0,1031.1369275362317,80.42811594202898,4.327159420289842,0,0,Fri Sep 19 2014 15:00:00 GMT-0400 (EDT),-999
0x816C,18.278213256484154,18.596829971181556,0,1030.3766858789634,72.24063400576367,4.326829971181546,0,0,Fri Sep 19 2014 17:00:00 GMT-0400 (EDT),-999
0x816C,11.319711815561964,11.639193083573488,0,1031.7662247838616,72.59020172910664,4.324207492795375,0,0,Fri Sep 19 2014 19:00:00 GMT-0400 (EDT),-999
0x816C,7.4365994236311215,7.673487031700292,0,1032.2140345821322,75.836023054755,4.3104610951008535,0,0,Fri Sep 19 2014 21:00:00 GMT-0400 (EDT),-999
0x816C,4.13155172413793,4.412931034482764,0,1031.7281896551726,80.02471264367826,4.2976724137931,0,0,Fri Sep 19 2014 23:00:00 GMT-0400 (EDT),-999
0x816C,2.129080459770112,2.3715517241379325,0,1031.2095402298849,83.77385057471274,4.293821839080457,0,0,Sat Sep 20 2014 01:00:00 GMT-0400 (EDT),-999
0x816C,1.0004310344827572,1.201724137931037,0,1031.0611206896558,86.5879310344828,4.282442528735633,0,0,Sat Sep 20 2014 03:00:00 GMT-0400 (EDT),-999
0x816C,0.29495702005730656,0.4727793696275089,0.0028653295128939827,1030.9229226361035,89.59340974212023,4.277077363896855,0,0,Sat Sep 20 2014 05:00:00 GMT-0400 (EDT),-999
0x816C,9.679279538904902,9.453025936599422,0,1032.6086743515839,100.84841498559076,4.281556195965408,0,0,Sat Sep 20 2014 07:00:00 GMT-0400 (EDT),-999
0x816C,21.480813953488372,21.102034883720933,0,1030.080988372093,94.53837209302316,4.295029069767424,0,0,Sat Sep 20 2014 09:00:00 GMT-0400 (EDT),-999
0x816C,25.041797101449248,24.853623188405834,0,1028.1059130434783,89.22202898550707,4.296985507246363,0,0,Sat Sep 20 2014 11:00:00 GMT-0400 (EDT),-999
0x816C,27.94865889212822,27.91311953352771,0,1026.5599416909615,98.39446064139918,4.310903790087446,0,0,Sat Sep 20 2014 13:00:00 GMT-0400 (EDT),-999
0x816C,28.94701449275363,28.97623188405789,0,1024.0915942028982,95.49246376811593,4.320028985507232,0,0,Sat Sep 20 2014 15:00:00 GMT-0400 (EDT),-999
0x816C,23.88979532163743,23.93421052631579,0,1023.1567836257307,88.11929824561388,4.323567251461976,0,0,Sat Sep 20 2014 17:00:00 GMT-0400 (EDT),-999
0x816C,19.381618497109816,19.44537572254335,0.002890173410404624,1022.8885549132954,84.81242774566476,4.3174566473988305,0,0,Sat Sep 20 2014 19:00:00 GMT-0400 (EDT),-999
0x816C,14.312774566473994,14.573699421965348,0.005780346820809248,1022.684190751445,84.70635838150284,4.3092485549132835,0,0,Sat Sep 20 2014 21:00:00 GMT-0400 (EDT),-999
0x816C,13.426173913043488,13.625797101449297,0,1021.8162318840591,93.71507246376811,4.305739130434773,0,0,Sat Sep 20 2014 23:00:00 GMT-0400 (EDT),-999
0x816C,13.762138728323723,13.898843930635856,0,1020.3560693641627,97.68410404624271,4.305086705202304,0,0,Sun Sep 21 2014 01:00:00 GMT-0400 (EDT),-999
0x816C,15.174347826086937,15.279130434782617,0,1018.5037391304345,101.85115606936395,4.300028985507234,0,0,Sun Sep 21 2014 03:00:00 GMT-0400 (EDT),-999
0x816C,16.42390173410405,16.516184971098248,0.002890173410404624,1017.1238150289013,102.65202312138747,4.290115606936404,0,0,Sun Sep 21 2014 05:00:00 GMT-0400 (EDT),-999
0x816C,19.40110144927536,19.391014492753612,0,1017.6418260869564,103.47362318840536,4.291536231884043,0,0,Sun Sep 21 2014 07:00:00 GMT-0400 (EDT),-999
0x816C,28.488753623188334,28.173333333333293,0,1016.3102318840575,93.03304347826084,4.298637681159402,0,0,Sun Sep 21 2014 09:00:00 GMT-0400 (EDT),-999
0x816C,30.762932551319615,30.602932551319707,0,1013.8525219941353,86.05395894428148,4.3038709677419185,0,0,Sun Sep 21 2014 11:00:00 GMT-0400 (EDT),-999
0x816C,31.959619883040933,31.827777777777715,0,1010.6052631578943,84.13070175438568,4.311491228070157,0,0,Sun Sep 21 2014 13:00:00 GMT-0400 (EDT),-999
0x816C,28.678662790697675,28.737209302325578,0.011627906976744186,1007.4736627906979,85.85174418604657,4.318459302325571,0,0,Sun Sep 21 2014 15:00:00 GMT-0400 (EDT),-999
0x816C,24.580811594202892,24.773333333333326,0.014492753623188406,1004.298956521739,89.37043478260877,4.318840579710127,0,0,Sun Sep 21 2014 17:00:00 GMT-0400 (EDT),-999
0x816C,22.25855072463769,22.45507246376812,0,999.9085797101455,92.29971014492763,4.313072463768103,0,0,Sun Sep 21 2014 19:00:00 GMT-0400 (EDT),-999
0x816C,20.99434402332362,21.166763848396542,0,997.090728862974,93.59329446064142,4.312361516034977,0,0,Sun Sep 21 2014 21:00:00 GMT-0400 (EDT),-999
0x816C,19.76916184971099,19.94104046242773,0,994.8025722543351,94.35404624277461,4.313179190751435,0,0,Sun Sep 21 2014 23:00:00 GMT-0400 (EDT),-999
0x816C,19.433699421965336,19.55838150289028,0,995.6680924855489,96.04508670520221,4.306040462427729,0,0,Mon Sep 22 2014 01:00:00 GMT-0400 (EDT),-999
0x816C,19.17514450867052,19.293063583815055,0,995.8911271676303,95.78236994219665,4.300549132947965,0,0,Mon Sep 22 2014 03:00:00 GMT-0400 (EDT),-999
0x816C,17.43279538904898,17.607204610951005,0.01440922190201729,991.5631123919314,93.93198847262246,4.294293948126793,0,0,Mon Sep 22 2014 05:00:00 GMT-0400 (EDT),-999
0x816C,19.735606936416183,19.633236994219644,0,1003.2463872832374,96.40953757225437,4.29170520231213,0,0,Mon Sep 22 2014 07:00:00 GMT-0400 (EDT),-999
0x816C,27.90676384839651,27.58658892128281,0,1014.4999999999997,85.19446064139939,4.29425655976675,0,0,Mon Sep 22 2014 09:00:00 GMT-0400 (EDT),-999
0x816C,29.82901449275367,29.743188405797028,0,1009.2187246376816,84.37536231884059,4.298086956521722,0,0,Mon Sep 22 2014 11:00:00 GMT-0400 (EDT),-999
0x816C,32.248517441860464,32.31744186046515,0,1010.254622093024,95.81947674418605,4.3033430232557945,0,0,Mon Sep 22 2014 13:00:00 GMT-0400 (EDT),-999
0x816C,36.36588921282795,36.48338192419824,0,1010.4279591836736,75.07667638483973,4.308862973760914,0,0,Mon Sep 22 2014 15:00:00 GMT-0400 (EDT),-999
0x816C,26.346289855072474,26.613043478260863,0.011594202898550725,1011.8677971014491,71.58,4.306260869565205,0,0,Mon Sep 22 2014 17:00:00 GMT-0400 (EDT),-999
0x816C,17.711498559077807,18.104610951008652,0,1015.6002593659941,75.58933717579248,4.3065129682997,0,0,Mon Sep 22 2014 19:00:00 GMT-0400 (EDT),-999
0x816C,14.143304347826101,14.45884057971014,0,1018.6236231884059,82.47478260869568,4.295826086956513,0,0,Mon Sep 22 2014 21:00:00 GMT-0400 (EDT),-999
0x816C,11.100780346820812,11.405202312138728,0,1020.3663583815038,84.09132947976882,4.285953757225432,0,0,Mon Sep 22 2014 23:00:00 GMT-0400 (EDT),-999
0x816C,8.159164265129682,8.433429394812691,0,1021.6601152737754,84.67925072046127,4.278242074927956,0,0,Tue Sep 23 2014 01:00:00 GMT-0400 (EDT),-999
0x816C,5.7889942528735645,6.045689655172415,0,1022.7703735632188,85.44999999999993,4.272643678160924,0,0,Tue Sep 23 2014 03:00:00 GMT-0400 (EDT),-999
0x816C,3.871350574712656,4.106609195402292,0.09482758620689655,1024.5858620689653,86.91034482758616,4.256465517241388,0,0,Tue Sep 23 2014 05:00:00 GMT-0400 (EDT),-999
0x816C,12.23395953757225,12.008381502890172,0,1028.378005780347,101.22254335260122,4.2645086705202315,0,0,Tue Sep 23 2014 07:00:00 GMT-0400 (EDT),-999
0x816C,23.216347826086963,22.803188405797123,0,1027.8311014492745,88.93971014492745,4.265942028985504,0,0,Tue Sep 23 2014 09:00:00 GMT-0400 (EDT),-999
0x816C,25.860347826086944,25.75797101449277,0,1027.6939999999993,83.63884057971018,4.271652173913038,0,0,Tue Sep 23 2014 11:00:00 GMT-0400 (EDT),-999
0x816C,29.280290697674403,29.348255813953497,0,1027.9531104651162,95.07122093023249,4.280755813953476,0,0,Tue Sep 23 2014 13:00:00 GMT-0400 (EDT),-999
0x816C,31.63023323615159,31.705247813411056,0,1026.5809912536438,84.62827988338191,4.2887172011661665,0,0,Tue Sep 23 2014 15:00:00 GMT-0400 (EDT),-999
0x816C,23.579595375722555,23.685838150289015,0,1027.0161849710976,76.47890173410411,4.2813872832369855,0,0,Tue Sep 23 2014 17:00:00 GMT-0400 (EDT),-999
0x816C,17.98355685131195,18.100583090379004,0,1028.9457434402325,76.43702623906705,4.27638483965014,0,0,Tue Sep 23 2014 19:00:00 GMT-0400 (EDT),-999
0x816C,14.881498559077817,14.974639769452446,0,1030.7539769452446,80.2417867435157,4.268213256484149,0,0,Tue Sep 23 2014 21:00:00 GMT-0400 (EDT),-999
0x816C,12.743804034582118,12.805763688760793,0,1031.9892219020173,82.49682997118147,4.266023054755043,0,0,Tue Sep 23 2014 23:00:00 GMT-0400 (EDT),-999
0x816C,10.529769452449575,10.625072046109514,0.040345821325648415,1032.3897982708936,83.60201729106628,4.262536023054758,0,0,Wed Sep 24 2014 01:00:00 GMT-0400 (EDT),-999
0x816C,7.308786127167631,7.529479768786121,0.02023121387283237,1033.357196531793,85.84075144508674,4.24745664739885,0,0,Wed Sep 24 2014 03:00:00 GMT-0400 (EDT),-999
0x816C,5.701275362318827,5.897101449275355,0.028985507246376812,1034.9578260869569,88.36840579710166,4.243014492753634,0,0,Wed Sep 24 2014 05:00:00 GMT-0400 (EDT),-999
0x816C,14.709365994236318,14.498559077809796,0,1038.7160806916424,100.92046109510076,4.246916426512973,0,0,Wed Sep 24 2014 07:00:00 GMT-0400 (EDT),-999
0x816C,23.770289855072463,23.53768115942024,0,1038.521565217391,95.9231884057971,4.2553333333333345,0,0,Wed Sep 24 2014 09:00:00 GMT-0400 (EDT),-999
0x816C,26.467551020408198,26.42011661807579,0,1039.1718950437325,91.60145772594754,4.257230320699707,0,0,Wed Sep 24 2014 11:00:00 GMT-0400 (EDT),-999
0x816C,29.555777126099688,29.675659824046914,0,1038.9229032258067,94.78445747800585,4.264428152492664,0,0,Wed Sep 24 2014 13:00:00 GMT-0400 (EDT),-999
0x816C,30.891933333333334,31.074333333333318,0,1037.7984717607958,84.98538205980064,4.262666666666661,0,0,Wed Sep 24 2014 15:00:00 GMT-0400 (EDT),-999
0x816C,23.559941860465123,23.79970930232558,0,1037.175145348838,79.4258720930233,4.26502906976744,0,0,Wed Sep 24 2014 17:00:00 GMT-0400 (EDT),-999
0x816C,18.287341040462437,18.51127167630057,0,1037.5170520231209,79.53786127167655,4.260838150289018,0,0,Wed Sep 24 2014 19:00:00 GMT-0400 (EDT),-999
0x816C,14.859219653179196,15.073410404624271,0,1037.1106358381496,80.49739884393063,4.253728323699426,0,0,Wed Sep 24 2014 21:00:00 GMT-0400 (EDT),-999
0x816C,11.918328530259373,12.117867435158484,0,1036.047319884727,82.62622478386179,4.249682997118163,0,0,Wed Sep 24 2014 23:00:00 GMT-0400 (EDT),-999
0x816C,10.669942363112412,10.872910662824244,0,1035.8917291066289,90.12593659942365,4.241498559077819,0,0,Thu Sep 25 2014 01:00:00 GMT-0400 (EDT),-999
0x816C,10.434207492795398,10.610374639769452,0,1034.7979538904897,92.24005763688763,4.239048991354477,0,0,Thu Sep 25 2014 03:00:00 GMT-0400 (EDT),-999
0x816C,10.417890173410406,10.565895953757224,0,1034.5245086705213,96.60173410404623,4.237109826589604,0,0,Thu Sep 25 2014 05:00:00 GMT-0400 (EDT),-999
0x816C,13.410634005763683,13.45850144092219,0.09221902017291066,1034.4100000000008,102.44726224783867,4.227521613832861,0,0,Thu Sep 25 2014 07:00:00 GMT-0400 (EDT),-999
0x816C,16.991166180758036,17.017492711370313,0.06997084548104957,1033.4091545189501,102.76715116279055,4.228250728862983,0,0,Thu Sep 25 2014 09:00:00 GMT-0400 (EDT),-999
0x816C,17.803507246376782,17.843478260869595,0.017391304347826087,1032.2113623188418,99.62463768115961,4.23246376811595,0,0,Thu Sep 25 2014 11:00:00 GMT-0400 (EDT),-999
0x816C,17.31132947976878,17.394797687861363,0.20520231213872833,1029.6725433526015,97.58554913294789,4.232341040462435,0,0,Thu Sep 25 2014 13:00:00 GMT-0400 (EDT),-999
0x816C,17.027942028985514,17.12550724637679,0.1681159420289855,1029.39284057971,97.96695652173908,4.234550724637691,0,0,Thu Sep 25 2014 15:00:00 GMT-0400 (EDT),-999
0x816C,17.182260869565223,17.28202898550725,0.0927536231884058,1027.8948695652173,97.7072463768116,4.231565217391313,0,0,Thu Sep 25 2014 17:00:00 GMT-0400 (EDT),-999
0x816C,16.036698113207525,16.166981132075442,0,1025.3292924528303,98.91698113207562,4.2201886792452905,0,0,Thu Sep 25 2014 19:00:00 GMT-0400 (EDT),-999
0x816C,15.63437681159425,15.768695652173825,0,1024.8034202898548,99.19130434782635,4.230898550724647,0,0,Thu Sep 25 2014 21:00:00 GMT-0400 (EDT),-999
0x816C,15.380979827089384,15.502881844380317,0,1023.9917291066288,99.27953890489894,4.2260230547550535,0,0,Thu Sep 25 2014 23:00:00 GMT-0400 (EDT),-999
0x816C,15.363410404624252,15.484104046242775,0,1023.9983236994216,99.47456647398843,4.2208092485549225,0,0,Fri Sep 26 2014 01:00:00 GMT-0400 (EDT),-999
0x816C,15.273342939481251,15.40028818443813,0,1023.458069164265,99.47665706051903,4.219452449567735,0,0,Fri Sep 26 2014 03:00:00 GMT-0400 (EDT),-999
0x816C,14.977118155619529,15.10489913544668,0,1022.4863976945243,99.26138328530232,4.21671469740635,0,0,Fri Sep 26 2014 05:00:00 GMT-0400 (EDT),-999
0x816C,15.78453757225435,15.863583815028878,0.07225433526011561,1025.90147398844,100.85664739884392,4.214393063583824,0,0,Fri Sep 26 2014 07:00:00 GMT-0400 (EDT),-999
0x816C,21.539275362318826,21.386666666666642,0,1040.537884057971,100.26521739130439,4.205652173913058,0,0,Fri Sep 26 2014 09:00:00 GMT-0400 (EDT),-999
0x816C,24.364869565217372,24.298840579710156,0,1028.4139420289862,94.5423188405797,4.21814492753624,0,0,Fri Sep 26 2014 11:00:00 GMT-0400 (EDT),-999
0x816C,28.14078488372094,28.22761627906976,0,1025.239563953488,97.54854651162786,4.2247674418604735,0,0,Fri Sep 26 2014 13:00:00 GMT-0400 (EDT),-999
0x816C,31.636860465116264,31.77674418604656,0,1022.5669476744192,79.94534883720928,4.227034883720937,0,0,Fri Sep 26 2014 15:00:00 GMT-0400 (EDT),-999
0x816C,23.17148255813954,23.32674418604651,0,1021.1872383720931,74.4529069767444,4.230610465116286,0,0,Fri Sep 26 2014 17:00:00 GMT-0400 (EDT),-999
0x816C,16.850491329479766,16.988150289017348,0,1022.6115606936418,75.66676300578025,4.228121387283248,0,0,Fri Sep 26 2014 19:00:00 GMT-0400 (EDT),-999
0x816C,12.487877906976744,12.75668604651163,0.0029069767441860465,1022.37386627907,79.88372093023251,4.2257558139535,0,0,Fri Sep 26 2014 21:00:00 GMT-0400 (EDT),-999
0x816C,9.0907204610951,9.36974063400576,0,1022.5606340057637,84.19711815561952,4.212910662824219,0,0,Fri Sep 26 2014 23:00:00 GMT-0400 (EDT),-999
0x816C,7.527931034482762,7.762931034482771,0,1022.2594827586208,87.65287356321844,4.206063218390815,0,0,Sat Sep 27 2014 01:00:00 GMT-0400 (EDT),-999
0x816C,6.600869565217394,6.808985507246356,0,1022.0481449275369,90.32608695652164,4.20855072463769,0,0,Sat Sep 27 2014 03:00:00 GMT-0400 (EDT),-999
0x816C,6.521867816091962,6.695689655172429,0.005747126436781609,1022.730603448276,94.50258620689668,4.198074712643689,0,0,Sat Sep 27 2014 05:00:00 GMT-0400 (EDT),-999
0x816C,14.84861271676301,14.628612716763005,0,1026.4229479768792,101.17890173410412,4.205260115606943,0,0,Sat Sep 27 2014 07:00:00 GMT-0400 (EDT),-999
0x816C,27.47315942028986,27.08260869565219,0,1025.1527826086958,91.61710144927535,4.2064927536232,0,0,Sat Sep 27 2014 09:00:00 GMT-0400 (EDT),-999
0x816C,31.323110465116283,31.17267441860465,0,1024.2961046511632,85.68517441860469,4.215552325581406,0,0,Sat Sep 27 2014 11:00:00 GMT-0400 (EDT),-999
0x816C,34.84533527696793,34.925364431486884,0,1023.9264139941695,89.90233236151597,4.233848396501463,0,0,Sat Sep 27 2014 13:00:00 GMT-0400 (EDT),-999
0x816C,39.440175953079155,39.52375366568916,0,1022.2757771261001,76.30087976539588,4.234310850439887,0,0,Sat Sep 27 2014 15:00:00 GMT-0400 (EDT),-999
0x816C,27.480701754385965,27.868421052631565,0.023391812865497075,1020.4288888888885,72.61812865497083,4.238011695906437,0,0,Sat Sep 27 2014 17:00:00 GMT-0400 (EDT),-999
0x816C,18.728724637681147,19.098260869565213,0,1022.3899420289863,75.51217391304345,4.238260869565225,0,0,Sat Sep 27 2014 19:00:00 GMT-0400 (EDT),-999
0x816C,14.72524495677233,15.037752161383281,0,1023.0777521613833,80.87435158501434,4.228184438040357,0,0,Sat Sep 27 2014 21:00:00 GMT-0400 (EDT),-999
0x816C,12.318728323699432,12.588439306358389,0,1022.9501734104044,84.50086705202315,4.224017341040474,0,0,Sat Sep 27 2014 23:00:00 GMT-0400 (EDT),-999
0x816C,10.539106628242067,10.781556195965397,0,1022.9465417867445,86.96109510086447,4.21792507204612,0,0,Sun Sep 28 2014 01:00:00 GMT-0400 (EDT),-999
0x816C,9.259017341040465,9.471965317919068,0,1022.6498554913286,88.6450867052025,4.214855491329488,0,0,Sun Sep 28 2014 03:00:00 GMT-0400 (EDT),-999
0x816C,9.257406340057642,9.426224783861706,0.05763688760806916,1023.153170028819,93.95936599423644,4.206282420749292,0,0,Sun Sep 28 2014 05:00:00 GMT-0400 (EDT),-999
0x816C,17.40158959537573,17.204046242774567,0.005780346820809248,1025.7480057803464,101.21069364161868,4.209537572254348,0,0,Sun Sep 28 2014 07:00:00 GMT-0400 (EDT),-999
0x816C,28.202521739130454,27.79333333333335,0,1023.7944347826094,89.79999999999994,4.210956521739144,0,0,Sun Sep 28 2014 09:00:00 GMT-0400 (EDT),-999
0x816C,32.84168604651162,32.64476744186039,0,1021.8026162790705,84.44186046511625,4.212906976744197,0,0,Sun Sep 28 2014 11:00:00 GMT-0400 (EDT),-999
0x816C,35.210087463556846,35.19708454810494,0,1020.2265889212822,92.26793002915453,4.230320699708462,0,0,Sun Sep 28 2014 13:00:00 GMT-0400 (EDT),-999
0x816C,37.12959064327485,37.17390029325511,0,1017.8707602339181,85.59356725146206,4.239093567251467,0,0,Sun Sep 28 2014 15:00:00 GMT-0400 (EDT),-999
0x816C,28.61710144927536,28.72811594202898,0,1017.2682318840582,77.35565217391289,4.230231884057979,0,0,Sun Sep 28 2014 17:00:00 GMT-0400 (EDT),-999
0x816C,24.017930029154527,24.109620991253628,0,1017.9877551020393,79.81107871720116,4.2276384839650225,0,0,Sun Sep 28 2014 19:00:00 GMT-0400 (EDT),-999
0x816C,22.079623188405794,22.13449275362319,0,1017.9278550724631,82.87826086956514,4.227217391304357,0,0,Sun Sep 28 2014 21:00:00 GMT-0400 (EDT),-999
0x816C,20.40317919075145,20.478901734104053,0.028901734104046242,1017.2175433526011,85.32630057803472,4.224190751445095,0,0,Sun Sep 28 2014 23:00:00 GMT-0400 (EDT),-999
0x816C,17.754289855072468,17.946376811594167,0.002898550724637681,1017.0031594202894,89.2321739130436,4.218666666666676,0,0,Mon Sep 29 2014 01:00:00 GMT-0400 (EDT),-999
0x816C,16.66596541786743,16.840345821325727,0,1016.3993659942355,92.1406340057638,4.2121613832853155,0,0,Mon Sep 29 2014 03:00:00 GMT-0400 (EDT),-999
0x816C,16.10072463768116,16.250724637681206,0,1016.1462318840588,93.55942028985493,4.210869565217402,0,0,Mon Sep 29 2014 05:00:00 GMT-0400 (EDT),-999
0x816C,17.516974063400575,17.57521613832852,0,1017.4450432276652,99.13371757925091,4.210345821325659,0,0,Mon Sep 29 2014 07:00:00 GMT-0400 (EDT),-999
0x816C,22.558895348837233,22.504941860465138,0,1017.6271511627914,99.83720930232549,4.205494186046522,0,0,Mon Sep 29 2014 09:00:00 GMT-0400 (EDT),-999
0x816C,26.971536231884027,26.918550724637626,0,1017.2117971014495,95.66028985507249,4.212115942028999,0,0,Mon Sep 29 2014 11:00:00 GMT-0400 (EDT),-999
0x816C,29.771511627906943,29.81395348837206,0,1016.2241860465112,93.40813953488366,4.209534883720944,0,0,Mon Sep 29 2014 13:00:00 GMT-0400 (EDT),-999
0x816C,27.30259475218657,27.45714285714285,0.0029154518950437317,1015.064344023324,91.42798833819246,4.212827988338203,0,0,Mon Sep 29 2014 15:00:00 GMT-0400 (EDT),-999
0x816C,22.24710144927536,22.464927536231876,0.02318840579710145,1015.9351014492759,89.35014492753615,4.210753623188417,0,0,Mon Sep 29 2014 17:00:00 GMT-0400 (EDT),-999
0x816C,19.708666666666662,19.904927536231884,0,1016.8221739130432,91.8281159420289,4.209014492753635,0,0,Mon Sep 29 2014 19:00:00 GMT-0400 (EDT),-999
0x816C,18.145895953757226,18.32745664739884,0,1016.982514450867,93.14393063583817,4.20153179190753,0,0,Mon Sep 29 2014 21:00:00 GMT-0400 (EDT),-999
0x816C,16.955797101449292,17.12724637681154,0,1016.9652173913039,94.36898550724634,4.19771014492755,0,0,Mon Sep 29 2014 23:00:00 GMT-0400 (EDT),-999
0x816C,16.093710144927538,16.256521739130413,0,1016.8599710144929,95.1663768115946,4.196347826086965,0,0,Tue Sep 30 2014 01:00:00 GMT-0400 (EDT),-999
0x816C,15.509452449567695,15.66541786743511,0,1016.7866282420747,95.96368876080678,4.191383285302604,0,0,Tue Sep 30 2014 03:00:00 GMT-0400 (EDT),-999
0x816C,15.059127906976778,15.208720930232532,0,1016.9956976744187,96.32034883720918,4.18668604651164,0,0,Tue Sep 30 2014 05:00:00 GMT-0400 (EDT),-999
0x816C,14.877550432276644,15.009798270893441,0.15561959654178675,1018.2912103746401,97.00374639769439,4.184899135446697,0,0,Tue Sep 30 2014 07:00:00 GMT-0400 (EDT),-999
0x816C,15.121589595375712,15.239884393063566,0.2658959537572254,1018.7178612716754,97.59653179190737,4.183150289017356,0,0,Tue Sep 30 2014 09:00:00 GMT-0400 (EDT),-999
0x816C,15.473659942363073,15.584726224783834,0.16138328530259366,1019.3461959654173,97.97060518731998,4.182334293948138,0,0,Tue Sep 30 2014 11:00:00 GMT-0400 (EDT),-999
0x816C,15.792303206997069,15.89679300291546,0.16326530612244897,1018.8206997084543,97.64839650145763,4.179912536443157,0,0,Tue Sep 30 2014 13:00:00 GMT-0400 (EDT),-999
0x816C,15.515029069767456,15.639534883720899,0.16569767441860464,1017.1540116279076,97.278488372093,4.174186046511639,0,0,Tue Sep 30 2014 15:00:00 GMT-0400 (EDT),-999
0x816C,14.925246376811595,15.06666666666666,0.043478260869565216,1015.4984637681149,97.01130434782641,4.175101449275371,0,0,Tue Sep 30 2014 17:00:00 GMT-0400 (EDT),-999
0x816C,14.42797687861276,14.565317919075117,0,1015.6520809248553,97.47601156069359,4.16748554913296,0,0,Tue Sep 30 2014 19:00:00 GMT-0400 (EDT),-999
0x816C,14.420809248554889,14.5511560693642,0,1016.6924277456653,98.01127167630027,4.169017341040476,0,0,Tue Sep 30 2014 21:00:00 GMT-0400 (EDT),-999
0x816C,14.612225433525948,14.74277456647408,0,1017.4690462427749,98.41156069364193,4.167658959537586,0,0,Tue Sep 30 2014 23:00:00 GMT-0400 (EDT),-999
0x816C,14.67025936599422,14.800000000000006,0,1017.5073487031705,98.36685878962558,4.165129682997131,0,0,Wed Oct 01 2014 01:00:00 GMT-0400 (EDT),-999
0x816C,14.967645348837214,15.074999999999939,0,1018.2336046511632,98.9587209302324,4.164011627906988,0,0,Wed Oct 01 2014 03:00:00 GMT-0400 (EDT),-999
0x816C,15.297826086956553,15.405217391304372,0,1019.1454492753625,99.11217391304307,4.160318840579719,0,0,Wed Oct 01 2014 05:00:00 GMT-0400 (EDT),-999
0x816C,15.642289855072452,15.738260869565178,0.08115942028985507,1020.314666666666,99.38753623188367,4.160695652173921,0,0,Wed Oct 01 2014 07:00:00 GMT-0400 (EDT),-999
0x816C,16.140835734870333,16.233429394812617,0.14697406340057637,1021.7982708933718,99.49250720461093,4.1585878962536125,0,0,Wed Oct 01 2014 09:00:00 GMT-0400 (EDT),-999
0x816C,16.532254335260134,16.61878612716765,0.11271676300578035,1022.6123988439315,98.94942196531797,4.159508670520246,0,0,Wed Oct 01 2014 11:00:00 GMT-0400 (EDT),-999
0x816C,16.53501449275361,16.634202898550758,0.0927536231884058,1022.156550724637,98.11043478260862,4.153246376811601,0,0,Wed Oct 01 2014 13:00:00 GMT-0400 (EDT),-999
0x816C,15.753832853025944,15.885590778098027,0.025936599423631124,1019.0914409221904,97.44956772334294,4.1587031700288275,0,0,Wed Oct 01 2014 15:00:00 GMT-0400 (EDT),-999
0x816C,15.344492753623188,15.493623188405774,0,1018.4397101449266,98.08840579710166,4.153739130434793,0,0,Wed Oct 01 2014 17:00:00 GMT-0400 (EDT),-999
0x816C,15.316167146974042,15.438040345821339,0,1018.5022478386163,98.34236311239256,4.152017291066288,0,0,Wed Oct 01 2014 19:00:00 GMT-0400 (EDT),-999
0x816C,15.237919075144497,15.349421965318033,0,1018.4547398843923,98.2901734104052,4.151560693641629,0,0,Wed Oct 01 2014 21:00:00 GMT-0400 (EDT),-999
0x816C,15.158670694864075,15.271299093655573,0,1018.3145921450157,98.28761329305163,4.142205438066472,0,0,Wed Oct 01 2014 23:00:00 GMT-0400 (EDT),-999
0x816C,21.261228070175427,21.11754385964912,466.05263157894734,1019.7054385964914,49.09298245614036,4.016666666666667,0,0,Fri Oct 10 2014 11:00:00 GMT-0400 (EDT),-999
0x816C,21.43296511627907,21.384593023255835,280.3546511627907,1019.1721802325577,42.17732558139533,4.0190406976744155,0,0,Fri Oct 10 2014 13:00:00 GMT-0400 (EDT),-999
0x816C,22.320373563218386,22.30114942528732,0,1019.5499712643682,33.754022988505746,4.03100574712643,0,0,Fri Oct 10 2014 15:00:00 GMT-0400 (EDT),-999
0x816C,18.79482954545453,18.817045454545454,0,1020.5192897727284,37.491193181818176,4.025142045454538,0,0,Fri Oct 10 2014 17:00:00 GMT-0400 (EDT),-999
0x816C,14.381282051282058,14.427920227920241,0,1021.6748717948707,38.14444444444446,4.029544159544152,0,0,Fri Oct 10 2014 19:00:00 GMT-0400 (EDT),-999
0x816C,11.7,11.738920454545452,0,1022.3803693181821,35.20312500000001,4.0208238636363625,0,0,Fri Oct 10 2014 21:00:00 GMT-0400 (EDT),-999
0x816C,9.930795454545457,9.954829545454524,0,1022.4878693181818,33.35482954545452,4.015227272727274,0,0,Fri Oct 10 2014 23:00:00 GMT-0400 (EDT),-999
0x816C,9.699204545454549,9.665624999999997,0,1021.920795454545,32.44261363636354,4.01255681818182,0,0,Sat Oct 11 2014 01:00:00 GMT-0400 (EDT),-999
0x816C,9.736193181818184,9.763636363636364,0.0625,1021.4428409090916,33.23039772727272,4.007727272727278,0,0,Sat Oct 11 2014 03:00:00 GMT-0400 (EDT),-999
0x816C,8.803096590909092,8.920170454545435,0.04261363636363636,1021.4348011363626,34.21761363636363,4.005142045454551,0,0,Sat Oct 11 2014 05:00:00 GMT-0400 (EDT),-999
0x816C,10.138485714285714,10.185142857142862,0.008571428571428572,1022.0491142857146,32.83771428571431,4.0036857142857185,0,0,Sat Oct 11 2014 07:00:00 GMT-0400 (EDT),-999
0x816C,12.227040229885048,12.228448275862082,0,1021.7472701149424,32.92097701149414,4.008908045977012,0,0,Sat Oct 11 2014 09:00:00 GMT-0400 (EDT),-999
0x816C,12.339059829059833,12.381481481481456,0.019943019943019943,1020.759173789174,34.599430199430216,4.003475783475787,0,0,Sat Oct 11 2014 11:00:00 GMT-0400 (EDT),-999
0x816C,12.056619318181818,12.100000000000028,0,1020.5070170454553,35.49346590909084,4.003721590909094,0,0,Sat Oct 11 2014 13:00:00 GMT-0400 (EDT),-999
0x816C,12.459289772727278,12.507386363636387,0,1020.3959374999995,35.06534090909096,4.009062500000002,0,0,Sat Oct 11 2014 15:00:00 GMT-0400 (EDT),-999
0x816C,11.194171428571421,11.28942857142858,0.022857142857142857,1017.9246285714281,37.27085714285706,4.007114285714288,0,0,Sat Oct 11 2014 17:00:00 GMT-0400 (EDT),-999
0x816C,6.768971428571427,6.921142857142858,0,1018.7538000000009,37.11457142857151,4.003885714285721,0,0,Sat Oct 11 2014 19:00:00 GMT-0400 (EDT),-999
0x816C,4.483181818181816,4.625284090909097,0,1021.0167897727265,37.355965909091,3.9959375000000077,0,0,Sat Oct 11 2014 21:00:00 GMT-0400 (EDT),-999
0x816C,3.157082152974498,3.286402266288952,0,1021.8924362606228,37.53144475920692,3.990169971671398,0,0,Sat Oct 11 2014 23:00:00 GMT-0400 (EDT),-999
0x816C,2.0593447293447245,2.1737891737891735,0,1022.2629059829057,38.19088319088325,3.98091168091169,0,0,Sun Oct 12 2014 01:00:00 GMT-0400 (EDT),-999
0x816C,1.2443750000000013,1.3440340909090946,0,1022.632755681817,39.28181818181818,3.980170454545464,0,0,Sun Oct 12 2014 03:00:00 GMT-0400 (EDT),-999
0x816C,1.177167138810197,1.2696883852691225,0.0226628895184136,1023.7445892351277,44.529745042492884,3.9738243626062393,0,0,Sun Oct 12 2014 05:00:00 GMT-0400 (EDT),-999
0x816C,8.641342857142856,8.413428571428572,0.025714285714285714,1027.2976571428571,44.623142857142845,3.976857142857148,0,0,Sun Oct 12 2014 07:00:00 GMT-0400 (EDT),-999
0x816C,19.654786324786325,19.175498575498583,0,1026.5529914529905,40.97350427350428,3.986609686609695,0,0,Sun Oct 12 2014 09:00:00 GMT-0400 (EDT),-999
0x816C,17.101514285714238,17.076285714285667,0,1026.7367142857145,39.065428571428626,3.9953714285714335,0,0,Sun Oct 12 2014 11:00:00 GMT-0400 (EDT),-999
0x816C,17.324102564102553,17.386894586894545,0,1026.1567521367515,45.51766381766381,3.9951566951567017,0,0,Sun Oct 12 2014 13:00:00 GMT-0400 (EDT),-999
0x816C,20.42635327635327,20.5948717948718,0,1026.7963532763524,54.585754985754996,4.004900284900287,0,0,Sun Oct 12 2014 15:00:00 GMT-0400 (EDT),-999
0x816C,13.229197707736384,13.462177650429803,0,1027.3146704871062,40.588000000000015,4.003151862464188,0,0,Sun Oct 12 2014 17:00:00 GMT-0400 (EDT),-999
0x816C,7.241676136363634,7.47727272727273,0,1028.6120738636362,38.13892045454558,4.001051136363642,0,0,Sun Oct 12 2014 19:00:00 GMT-0400 (EDT),-999
0x816C,4.036931818181818,4.21363636363636,0,1028.978465909091,38.14573863636363,3.9881250000000104,0,0,Sun Oct 12 2014 21:00:00 GMT-0400 (EDT),-999
0x816C,2.1730594900849867,2.2983002832861175,0,1029.1096033994322,38.204249291784826,3.986147308781876,0,0,Sun Oct 12 2014 23:00:00 GMT-0400 (EDT),-999
0x816C,1.233767705382434,1.3359773371104777,0,1029.468300283286,38.49631728045332,3.9781869688385347,0,0,Mon Oct 13 2014 01:00:00 GMT-0400 (EDT),-999
0x816C,0.32560906515580806,0.4059490084985822,0,1029.4740509915002,38.95580736543904,3.9708215297450504,0,0,Mon Oct 13 2014 03:00:00 GMT-0400 (EDT),-999
0x816C,-0.3105665722379602,-0.14589235127478709,0,1029.9324079320118,39.2555240793201,3.9678186968838594,0,0,Mon Oct 13 2014 05:00:00 GMT-0400 (EDT),-999
0x816C,5.251732954545454,5.1136363636363615,0,1030.6506249999986,40.965909090909115,3.9692045454545575,0,0,Mon Oct 13 2014 07:00:00 GMT-0400 (EDT),-999
0x816C,18.92209169054439,18.468194842406884,0,1030.7186819484236,38.23438395415471,3.9813467048710667,0,0,Mon Oct 13 2014 09:00:00 GMT-0400 (EDT),-999
0x816C,19.47433048433047,19.313675213675175,0,1030.2349857549857,35.968945868945866,3.984529914529921,0,0,Mon Oct 13 2014 11:00:00 GMT-0400 (EDT),-999
0x816C,20.46954285714288,20.40257142857139,0,1029.3316857142854,38.03142857142855,3.995828571428576,0,0,Mon Oct 13 2014 13:00:00 GMT-0400 (EDT),-999
0x816C,19.967028571428575,20.001142857142852,0,1028.8214571428568,41.20914285714286,3.9965714285714355,0,0,Mon Oct 13 2014 15:00:00 GMT-0400 (EDT),-999
0x816C,17.138603988603997,17.23076923076924,0,1028.98433048433,39.991737891737905,4.001111111111116,0,0,Mon Oct 13 2014 17:00:00 GMT-0400 (EDT),-999
0x816C,15.696923076923072,15.796866096866069,0,1028.7098575498576,41.306267806268,4.002108262108267,0,0,Mon Oct 13 2014 19:00:00 GMT-0400 (EDT),-999
0x816C,15.073068181818284,15.163920454545508,0,1028.362244318182,42.393181818181894,4.000681818181824,0,0,Mon Oct 13 2014 21:00:00 GMT-0400 (EDT),-999
0x816C,14.80099999999998,14.883667621776581,0,1027.5808285714288,42.23228571428567,4.006400000000004,0,0,Mon Oct 13 2014 23:00:00 GMT-0400 (EDT),-999
0x816C,14.847306590257878,14.92464183381088,0,1027.3373925501437,44.93151862464189,4.000716332378228,0,0,Tue Oct 14 2014 01:00:00 GMT-0400 (EDT),-999
0x816C,15.46309659090909,15.525568181818159,0,1026.8210227272723,44.563352272727286,3.995000000000006,0,0,Tue Oct 14 2014 03:00:00 GMT-0400 (EDT),-999
0x816C,15.943799999999994,15.992285714285705,0,1026.684857142858,44.4688571428572,3.999400000000005,0,0,Tue Oct 14 2014 05:00:00 GMT-0400 (EDT),-999
0x816C,17.651623931623924,17.663247863247857,0,1027.2005698005707,41.83219373219377,4.001481481481485,0,0,Tue Oct 14 2014 07:00:00 GMT-0400 (EDT),-999
0x816C,22.445799999999966,22.273714285714327,0,1027.308514285714,40.34171428571429,4.001771428571429,0,0,Tue Oct 14 2014 09:00:00 GMT-0400 (EDT),-999
0x816C,25.471542857142865,25.37514285714292,0,1026.7105714285715,39.7645714285714,4.005714285714285,0,0,Tue Oct 14 2014 11:00:00 GMT-0400 (EDT),-999
0x816C,25.4267142857143,25.437714285714367,0,1025.8219714285717,40.89342857142863,4.013000000000001,0,0,Tue Oct 14 2014 13:00:00 GMT-0400 (EDT),-999
0x816C,25.639971428571442,25.723428571428588,0,1025.3850857142859,47.72685714285715,4.023371428571423,0,0,Tue Oct 14 2014 15:00:00 GMT-0400 (EDT),-999
0x816C,21.43388571428571,21.562857142857137,0,1025.2581714285704,44.527142857142856,4.020228571428567,0,0,Tue Oct 14 2014 17:00:00 GMT-0400 (EDT),-999
0x816C,18.88886039886039,18.993447293447325,0,1025.3163247863247,45.27977207977207,4.013019943019942,0,0,Tue Oct 14 2014 19:00:00 GMT-0400 (EDT),-999
0x816C,17.54891737891737,17.65555555555553,0,1024.959173789174,46.25128205128211,4.015698005698006,0,0,Tue Oct 14 2014 21:00:00 GMT-0400 (EDT),-999
0x816C,17.164814814814825,17.24159544159546,0,1024.1367521367522,46.47891737891736,4.008119658119661,0,0,Tue Oct 14 2014 23:00:00 GMT-0400 (EDT),-999
0x816C,16.199571428571428,16.306285714285707,0,1024.039571428571,47.15714285714286,4.010485714285714,0,0,Wed Oct 15 2014 01:00:00 GMT-0400 (EDT),-999
0x816C,16.505885714285686,16.582857142857144,0,1023.1797714285714,47.155428571428544,4.006885714285716,0,0,Wed Oct 15 2014 03:00:00 GMT-0400 (EDT),-999
0x816C,14.651903409090925,14.73948863636362,0,1022.9344318181819,44.16051136363627,4.006477272727275,0,0,Wed Oct 15 2014 05:00:00 GMT-0400 (EDT),-999
0x816C,18.675527065527056,18.494301994301992,0,1022.8982905982913,44.65555555555553,4.009088319088319,0,0,Wed Oct 15 2014 07:00:00 GMT-0400 (EDT),-999
0x816C,26.68994252873566,26.31494252873553,0,1022.6396839080454,41.17040229885053,4.012701149425286,0,0,Wed Oct 15 2014 09:00:00 GMT-0400 (EDT),-999
0x816C,26.966485714285643,26.870285714285703,0,1022.0067428571426,42.873714285714186,4.012057142857138,0,0,Wed Oct 15 2014 11:00:00 GMT-0400 (EDT),-999
0x816C,27.345971428571392,27.338285714285785,0,1020.6593714285711,44.895142857142936,4.015628571428568,0,0,Wed Oct 15 2014 13:00:00 GMT-0400 (EDT),-999
0x816C,27.57478510028653,27.649283667621788,0,1020.2306303724928,48.58567335243551,4.015472779369624,0,0,Wed Oct 15 2014 15:00:00 GMT-0400 (EDT),-999
0x816C,23.98537142857144,24.099142857142855,0,1019.9613714285719,45.803142857142845,4.023028571428567,0,0,Wed Oct 15 2014 17:00:00 GMT-0400 (EDT),-999
0x816C,22.070057142857156,22.17228571428572,0,1020.0407142857147,46.27685714285714,4.016028571428569,0,0,Wed Oct 15 2014 19:00:00 GMT-0400 (EDT),-999
0x816C,21.049398280802272,21.135816618911107,0,1019.6032664756443,46.91661891117461,4.021891117478508,0,0,Wed Oct 15 2014 21:00:00 GMT-0400 (EDT),-999
0x816C,20.203103448275854,20.27816091954026,0,1018.0973563218384,46.756609195402305,4.013706896551723,0,0,Wed Oct 15 2014 23:00:00 GMT-0400 (EDT),-999
0x816C,19.328000000000024,19.39428571428572,0,1017.1640000000002,47.53657142857149,4.013228571428573,0,0,Thu Oct 16 2014 01:00:00 GMT-0400 (EDT),-999
0x816C,19.69760683760682,19.749857549857524,0,1016.2774074074077,47.257549857549876,4.012621082621082,0,0,Thu Oct 16 2014 03:00:00 GMT-0400 (EDT),-999
0x816C,19.606885714285752,19.628285714285767,0,1015.7128285714284,46.35028571428572,4.014657142857141,0,0,Thu Oct 16 2014 05:00:00 GMT-0400 (EDT),-999
0x816C,20.369629629629625,20.389458689458696,0,1015.4423076923078,46.74900284900282,4.00911680911681,0,0,Thu Oct 16 2014 07:00:00 GMT-0400 (EDT),-999
0x816C,25.436599999999984,25.31857142857137,0,1014.9189428571428,43.10571428571422,4.011885714285714,0,0,Thu Oct 16 2014 09:00:00 GMT-0400 (EDT),-999
0x816C,27.574154727793694,27.510601719197748,0,1013.7287106017194,42.59455587392543,4.011633237822349,0,0,Thu Oct 16 2014 11:00:00 GMT-0400 (EDT),-999
0x816C,25.560314285714302,25.603714285714258,0,1012.1063428571423,43.17542857142864,4.012514285714283,0,0,Thu Oct 16 2014 13:00:00 GMT-0400 (EDT),-999
0x816C,22.835327635327634,22.91168091168091,0,1010.8610256410252,43.92621082621076,4.01213675213675,0,0,Thu Oct 16 2014 15:00:00 GMT-0400 (EDT),-999
0x816C,20.551060171919776,20.64240687679082,0,1009.7600859598859,45.86733524355313,4.01352435530086,0,0,Thu Oct 16 2014 17:00:00 GMT-0400 (EDT),-999
0x816C,19.59683760683767,19.656410256410336,0,1009.1488603988612,48.35327635327637,4.012877492877492,0,0,Thu Oct 16 2014 19:00:00 GMT-0400 (EDT),-999
0x816C,18.128433048433042,18.21709401709403,0,1009.0567236467227,46.93760683760687,4.008547008547011,0,0,Thu Oct 16 2014 21:00:00 GMT-0400 (EDT),-999
0x816C,16.81572649572654,16.91965811965816,0,1008.2205128205123,48.309401709401634,4.005014245014249,0,0,Thu Oct 16 2014 23:00:00 GMT-0400 (EDT),-999
0x816C,16.364131054131015,16.46524216524213,0,1007.6192022792028,49.00997150997159,4.003276353276356,0,0,Fri Oct 17 2014 01:00:00 GMT-0400 (EDT),-999
0x816C,16.350113960113955,16.437321937321943,0,1005.8070940170943,48.38148148148147,3.9970655270655358,0,0,Fri Oct 17 2014 03:00:00 GMT-0400 (EDT),-999
0x816C,15.831079545454543,15.916193181818157,0,1006.0358238636371,49.13238636363637,3.992301136363644,0,0,Fri Oct 17 2014 05:00:00 GMT-0400 (EDT),-999
0x816C,17.374871794871797,17.327920227920227,0,1006.8317948717947,49.12108262108262,3.999401709401712,0,0,Fri Oct 17 2014 07:00:00 GMT-0400 (EDT),-999
0x816C,22.06902857142858,21.82971428571425,0,1007.0551714285709,45.992571428571424,3.9998571428571448,0,0,Fri Oct 17 2014 09:00:00 GMT-0400 (EDT),-999
0x816C,22.54025974025973,22.493831168831168,0,1007.1225974025986,48.118506493506494,4.004253246753249,0,0,Fri Oct 17 2014 11:00:00 GMT-0400 (EDT),-999
0x816C,24.562352941176478,24.540557275541808,115.84210526315789,1006.5961609907127,53.2560371517028,3.9907739938080566,0,0,Fri Oct 17 2014 13:00:00 GMT-0400 (EDT),-999
0x816C,24.591374570446725,24.66082474226803,0,1007.2263230240551,49.325085910652916,3.952096219931276,0,0,Fri Oct 17 2014 15:00:00 GMT-0400 (EDT),-999
0x816C,19.756111111111096,19.67055555555552,0,1019.9779999999997,26.64666666666664,4.756222222222225,-999,-999,Mon Oct 20 2014 11:00:00 GMT-0400 (EDT),-999
0x816C,20.148936170212767,19.961276595744675,0,1018.4499999999992,28.093191489361704,4.744553191489367,-999,-999,Mon Oct 20 2014 13:00:00 GMT-0400 (EDT),-999
0x816C,19.40075313807531,19.221757322175716,0,1018.2184937238492,27.94853556485358,4.741966527196661,-999,-999,Mon Oct 20 2014 15:00:00 GMT-0400 (EDT),-999
0x816C,15.95542857142857,15.846285714285717,0,1018.3102857142861,25.967999999999986,4.744171428571437,-999,-999,Mon Oct 20 2014 17:00:00 GMT-0400 (EDT),-999
0x816C,11.130932203389836,11.24194915254237,0,1018.962669491525,28.924576271186417,4.739661016949164,-999,-999,Mon Oct 20 2014 19:00:00 GMT-0400 (EDT),-999
0x816C,8.500428571428577,8.59571428571429,0,1019.3451428571433,29.702142857142878,4.732142857142865,-999,-999,Mon Oct 20 2014 21:00:00 GMT-0400 (EDT),-999
0x816C,7.444508196721312,7.518032786885239,0,1019.115819672131,29.68606557377046,4.72778688524591,-999,-999,Mon Oct 20 2014 23:00:00 GMT-0400 (EDT),-999
0x816C,7.321736526946115,7.638323353293406,0,1019.6295209580835,30.147305389221565,4.72359281437127,-999,-999,Tue Oct 21 2014 01:00:00 GMT-0400 (EDT),-999
0x816C,7.087598039215694,7.096078431372549,0,1018.0366176470594,29.657352941176498,4.725147058823542,-999,-999,Tue Oct 21 2014 03:00:00 GMT-0400 (EDT),-999
0x816C,6.351291866028714,6.3684210526315885,0,1017.7270813397132,30.45263157894737,4.7188995215311165,-999,-999,Tue Oct 21 2014 05:00:00 GMT-0400 (EDT),-999
0x816C,8.141391752577324,8.102061855670103,0,1017.4188659793815,28.136082474226825,4.715567010309291,-999,-999,Tue Oct 21 2014 07:00:00 GMT-0400 (EDT),-999
0x816C,13.70844444444445,13.55444444444444,0,1017.1819444444443,26.173333333333346,4.718666666666679,-999,-999,Tue Oct 21 2014 09:00:00 GMT-0400 (EDT),-999
0x816C,18.485766871165644,18.301840490797545,0,1016.6225766871172,25.765644171779147,4.725337423312895,-999,-999,Tue Oct 21 2014 11:00:00 GMT-0400 (EDT),-999
0x816C,18.376084337349397,18.25361445783132,0,1015.5589156626506,26.098192771084328,4.71578313253013,-999,-999,Tue Oct 21 2014 13:00:00 GMT-0400 (EDT),-999
0x816C,21.058757763975162,20.785093167701874,0,1015.0431677018632,26.521118012422345,4.718509316770198,-999,-999,Tue Oct 21 2014 15:00:00 GMT-0400 (EDT),-999
0x816C,18.440408163265303,18.54642857142857,0,1015.8779591836742,26.71989795918365,4.708112244897972,-999,-999,Tue Oct 21 2014 17:00:00 GMT-0400 (EDT),-999
0x816C,12.236855670103095,12.346907216494834,0,1015.6567525773196,29.379896907216413,4.7112371134020705,-999,-999,Tue Oct 21 2014 19:00:00 GMT-0400 (EDT),-999
0x816C,11.055999999999996,11.101025641025632,0,1016.7224615384623,29.66205128205133,4.713025641025654,-999,-999,Tue Oct 21 2014 21:00:00 GMT-0400 (EDT),-999
0x816C,13.161978021978017,13.128571428571425,0,1016.9625274725279,28.831318681318727,4.7014285714285835,-999,-999,Tue Oct 21 2014 23:00:00 GMT-0400 (EDT),-999
0x816C,13.506079545454536,13.463636363636361,0,1016.5064204545447,28.6977272727273,4.705852272727281,-999,-999,Wed Oct 22 2014 01:00:00 GMT-0400 (EDT),-999
0x816C,13.09672043010748,13.077419354838666,0,1016.3186559139781,30.294623655913934,4.697795698924739,-999,-999,Wed Oct 22 2014 03:00:00 GMT-0400 (EDT),-999
0x816C,13.59207865168541,13.5584269662921,0,1016.5875280898872,29.415730337078635,4.699606741573044,-999,-999,Wed Oct 22 2014 05:00:00 GMT-0400 (EDT),-999
0x816C,13.779344262295082,13.722404371584727,0,1016.7,29.344808743169427,4.692131147540992,-999,-999,Wed Oct 22 2014 07:00:00 GMT-0400 (EDT),-999
0x816C,14.661885714285704,14.56342857142857,0,1016.6766857142851,27.702285714285697,4.6974857142857225,-999,-999,Wed Oct 22 2014 09:00:00 GMT-0400 (EDT),-999
0x816C,13.909953917050702,13.87142857142855,0,1015.7426267281111,30.956682027649773,4.699631336405545,-999,-999,Wed Oct 22 2014 11:00:00 GMT-0400 (EDT),-999
0x816C,15.414472573839673,15.191139240506372,0,1018.1342194092832,29.232067510548507,4.693628691983139,-999,-999,Wed Oct 22 2014 13:00:00 GMT-0400 (EDT),-999
0x816C,15.042970711297075,14.837656903765657,0,1015.6030543933053,27.955230125523002,4.695230125523022,-999,-999,Wed Oct 22 2014 15:00:00 GMT-0400 (EDT),-999
0x816C,15.805040650406509,15.569918699186992,0,1016.1191056910569,28.139837398373956,4.688617886178866,-999,-999,Wed Oct 22 2014 17:00:00 GMT-0400 (EDT),-999
0x816C,18.5659111111111,18.306666666666676,0,1006.9382666666668,29.737777777777875,4.683511111111102,-999,-999,Thu Oct 23 2014 09:00:00 GMT-0400 (EDT),-999
0x816C,20.57580786026201,20.410917030567674,0,1006.4785589519653,29.853711790393024,4.687467248908292,-999,-999,Thu Oct 23 2014 11:00:00 GMT-0400 (EDT),-999
0x816C,19.30910256410258,19.389316239316273,0,999.8118803418804,33.98974358974359,4.683632478632472,-999,-999,Thu Oct 23 2014 13:00:00 GMT-0400 (EDT),-999
0x816C,17.537907949790803,17.454811715481164,0,997.9597071129706,40.866527196652726,4.682175732217567,-999,-999,Thu Oct 23 2014 15:00:00 GMT-0400 (EDT),-999
0x816C,16.117179487179484,16.096153846153868,0,996.9005769230766,51.42435897435897,4.67173076923076,-999,-999,Thu Oct 23 2014 17:00:00 GMT-0400 (EDT),-999
0x816C,12.031796116504859,11.781067961165057,0,1015.6611165048541,91.60825242718444,4.0357766990291255,-999,-999,Sat Nov 08 2014 13:00:00 GMT-0500 (EST),-999
0x816C,9.873504273504278,9.71666666666667,0,1015.6723076923082,82.77350427350424,4.046196581196579,-999,-999,Sat Nov 08 2014 15:00:00 GMT-0500 (EST),-999
0x816C,4.583080168776369,4.644725738396619,0,1016.1987341772156,86.60379746835443,4.0313924050632925,-999,-999,Sat Nov 08 2014 17:00:00 GMT-0500 (EST),-999
0x816C,2.395882352941174,2.439075630252095,0,1016.2465546218488,91.30840336134449,4.020630252100843,-999,-999,Sat Nov 08 2014 19:00:00 GMT-0500 (EST),-999
0x816C,2.3016666666666676,2.2966666666666615,0,1016.5134583333329,95.66125000000011,4.0488333333333335,-999,-999,Sat Nov 08 2014 21:00:00 GMT-0500 (EST),-999
0x816C,3.1474678111587964,2.9630901287553666,0,1016.9326180257511,94.48712446351931,4.045321888412017,-999,-999,Sat Nov 08 2014 23:00:00 GMT-0500 (EST),-999
0x816C,3.578250000000003,3.5320833333333357,0,1015.9941249999999,96.16166666666676,4.038583333333333,-999,-999,Sun Nov 09 2014 01:00:00 GMT-0500 (EST),-999
0x816C,3.516846473029047,3.4887966804979262,0,1015.4680082987553,94.53900414937745,4.036141078838176,-999,-999,Sun Nov 09 2014 03:00:00 GMT-0500 (EST),-999
0x816C,4.624747899159658,4.586134453781506,0,1016.0517226890755,93.7113445378152,4.0299579831932775,-999,-999,Sun Nov 09 2014 05:00:00 GMT-0500 (EST),-999
0x816C,6.856916666666664,6.793333333333335,0,1016.9847083333334,92.75166666666665,4.0575833333333335,-999,-999,Sun Nov 09 2014 07:00:00 GMT-0500 (EST),-999
0x816C,12.032405063291133,11.914345991561195,0,1016.5974261603372,87.65949367088609,4.0676793248945105,-999,-999,Sun Nov 09 2014 09:00:00 GMT-0500 (EST),-999
0x816C,15.020539419087141,14.921991701244814,0,1015.1282157676351,87.07717842323648,4.049917012448132,-999,-999,Sun Nov 09 2014 11:00:00 GMT-0500 (EST),-999
0x816C,17.266105769230766,17.062019230769224,0,1014.7141826923071,85.21153846153837,4.071009615384614,-999,-999,Sun Nov 09 2014 13:00:00 GMT-0500 (EST),-999
0x816C,15.783012552301251,15.479497907949792,0,1016.1703347280342,80.23598326359831,4.069958158995818,-999,-999,Sun Nov 09 2014 15:00:00 GMT-0500 (EST),-999
0x816C,9.83113445378151,9.700420168067224,0,1016.6578151260503,76.91680672268905,4.067436974789918,-999,-999,Sun Nov 09 2014 17:00:00 GMT-0500 (EST),-999
0x816C,6.968702928870293,6.823849372384936,0,1017.29489539749,76.68870292887034,4.048326359832638,-999,-999,Sun Nov 09 2014 19:00:00 GMT-0500 (EST),-999
0x816C,4.837322175732217,4.673221757322186,0,1017.8010460251041,76.66652719665265,4.028535564853559,-999,-999,Sun Nov 09 2014 21:00:00 GMT-0500 (EST),-999
0x816C,3.208739495798316,3.0453781512605027,0,1018.7058823529414,77.06428571428555,4.08852941176471,-999,-999,Sun Nov 09 2014 23:00:00 GMT-0500 (EST),-999
0x816C,-0.25570833333333337,-0.2154166666666667,0,1019.6865416666666,83.9091666666667,4.0809999999999995,-999,-999,Mon Nov 10 2014 01:00:00 GMT-0500 (EST),-999
0x816C,-2.109752066115701,-2.0173553719008224,0.004132231404958678,1020.0923966942148,88.43057851239665,4.043553719008264,-999,-999,Mon Nov 10 2014 03:00:00 GMT-0500 (EST),-999
0x816C,-2.6028870292887034,-2.7401673640167354,0.008368200836820083,1022.2668619246865,90.02719665271962,4.067656903765688,-999,-999,Mon Nov 10 2014 05:00:00 GMT-0500 (EST),-999
0x816C,7.439705882352943,6.95126050420168,0,1023.205714285714,80.42436974789918,4.0335294117647065,-999,-999,Mon Nov 10 2014 07:00:00 GMT-0500 (EST),-999
0x816C,14.917184873949584,14.553361344537821,0,1024.0820588235297,81.04831932773115,4.051932773109244,-999,-999,Mon Nov 10 2014 09:00:00 GMT-0500 (EST),-999
0x816C,18.37803347280333,18.076150627615053,0,1023.439999999999,84.64518828451892,4.104142259414221,-999,-999,Mon Nov 10 2014 11:00:00 GMT-0500 (EST),-999
0x816C,19.69686192468617,19.466527196652702,0,1023.6507112970703,85.98995815899579,4.082594142259411,-999,-999,Mon Nov 10 2014 13:00:00 GMT-0500 (EST),-999
0x816C,14.649957627118647,14.677542372881357,0,1024.4510169491534,84.67584745762709,4.081440677966105,-999,-999,Mon Nov 10 2014 15:00:00 GMT-0500 (EST),-999
0x816C,7.297257383966244,7.434599156118147,0,1025.490253164557,82.39240506329115,4.071687763713078,-999,-999,Mon Nov 10 2014 17:00:00 GMT-0500 (EST),-999
0x816C,3.831208333333331,3.908749999999992,0,1025.814625,86.0541666666667,4.105916666666665,-999,-999,Mon Nov 10 2014 19:00:00 GMT-0500 (EST),-999
0x816C,2.041541666666667,1.9408333333333325,0,1026.270916666667,87.54041666666672,4.066708333333333,-999,-999,Mon Nov 10 2014 21:00:00 GMT-0500 (EST),-999
0x816C,0.1694092827004221,0.20759493670886056,0,1025.5972995780594,89.37510548523203,4.125780590717297,-999,-999,Mon Nov 10 2014 23:00:00 GMT-0500 (EST),-999
0x816C,-0.9288333333333336,-0.8495833333333321,0,1024.811125,90.75625000000008,4.0832916666666685,-999,-999,Tue Nov 11 2014 01:00:00 GMT-0500 (EST),-999
0x816C,-1.812025316455696,-1.7531645569620258,0,1024.5312658227851,91.58818565400844,4.077426160337555,-999,-999,Tue Nov 11 2014 03:00:00 GMT-0500 (EST),-999
0x816C,-2.4229460580912856,-2.3697095435684616,0,1024.1197510373452,92.23153526970954,4.091867219917013,-999,-999,Tue Nov 11 2014 05:00:00 GMT-0500 (EST),-999
0x816C,5.763319327731095,5.419327731092434,0,1024.1807983193276,86.5899159663865,4.108529411764707,-999,-999,Tue Nov 11 2014 07:00:00 GMT-0500 (EST),-999
0x816C,14.00890295358651,13.764135021097058,0,1023.6101265822783,80.43966244725736,4.077172995780592,-999,-999,Tue Nov 11 2014 09:00:00 GMT-0500 (EST),-999
0x816C,17.27694915254236,17.12966101694914,0,1021.7469067796609,80.83855932203392,4.068983050847462,-999,-999,Tue Nov 11 2014 11:00:00 GMT-0500 (EST),-999
0x816C,18.930336134453764,18.69621848739497,0,1020.7452521008408,84.88949579831926,4.091512605042014,-999,-999,Tue Nov 11 2014 13:00:00 GMT-0500 (EST),-999
0x816C,16.056041666666665,16.044583333333332,0,1020.0456250000004,88.79041666666657,4.100249999999999,-999,-999,Tue Nov 11 2014 15:00:00 GMT-0500 (EST),-999
0x816C,10.483319502074693,10.581327800829879,0,1019.8441078838185,86.51535269709544,4.051867219917012,-999,-999,Tue Nov 11 2014 17:00:00 GMT-0500 (EST),-999
0x816C,6.338200836820082,6.42468619246862,0,1019.0574476987448,87.73849372384923,4.0666527196652735,-999,-999,Tue Nov 11 2014 19:00:00 GMT-0500 (EST),-999
0x816C,4.339874476987443,4.384518828451886,0,1018.4568619246855,90.66736401673637,4.100502092050208,-999,-999,Tue Nov 11 2014 21:00:00 GMT-0500 (EST),-999
0x816C,5.533624999999999,5.518749999999995,0,1017.5127916666661,98.78875000000004,4.124083333333335,-999,-999,Tue Nov 11 2014 23:00:00 GMT-0500 (EST),-999
0x816C,6.152731277533039,6.1299559471365574,0,1016.6656828193833,97.0955947136564,4.047533039647579,-999,-999,Wed Nov 12 2014 01:00:00 GMT-0500 (EST),-999
0x816C,16.85096774193549,16.450537634408597,0,1014.8453763440867,83.43333333333335,4.01720430107527,-999,-999,Wed Nov 12 2014 11:00:00 GMT-0500 (EST),-999
0x816C,17.701624999999968,17.607500000000034,0,1013.53475,84.04291666666663,4.071458333333335,-999,-999,Wed Nov 12 2014 13:00:00 GMT-0500 (EST),-999
0x816C,15.912489451476786,15.904641350210968,0,1013.9542194092824,84.89324894514775,4.0739662447257405,-999,-999,Wed Nov 12 2014 15:00:00 GMT-0500 (EST),-999
0x816C,10.645042016806727,10.725630252100846,0,1014.447226890757,87.54957983193279,4.073319327731096,-999,-999,Wed Nov 12 2014 17:00:00 GMT-0500 (EST),-999
0x816C,10.424686192468634,10.44142259414229,0,1015.7505020920503,89.71255230125514,4.105690376569037,-999,-999,Wed Nov 12 2014 19:00:00 GMT-0500 (EST),-999
0x816C,9.290290456431524,9.297925311203322,0,1017.2156846473034,88.64149377593357,4.071991701244813,-999,-999,Wed Nov 12 2014 21:00:00 GMT-0500 (EST),-999
0x816C,6.276473029045637,6.329875518672197,0,1017.9239834024892,87.22946058091291,4.055103734439834,-999,-999,Wed Nov 12 2014 23:00:00 GMT-0500 (EST),-999
0x816C,3.7289029535864957,3.7814345991561167,0,1018.8765822784812,87.76075949367082,4.077805907172997,-999,-999,Thu Nov 13 2014 01:00:00 GMT-0500 (EST),-999
0x816C,2.041392405063291,1.9434599156118137,0,1020.1614345991557,87.91265822784818,4.071139240506329,-999,-999,Thu Nov 13 2014 03:00:00 GMT-0500 (EST),-999
0x816C,-0.42416666666666647,-0.3304166666666667,0,1020.1968333333338,87.85874999999996,4.076708333333335,-999,-999,Thu Nov 13 2014 05:00:00 GMT-0500 (EST),-999
0x816C,5.316987447698738,4.987447698744774,0,1020.6508368200841,87.30585774058575,4.071004184100416,-999,-999,Thu Nov 13 2014 07:00:00 GMT-0500 (EST),-999
0x816C,8.420588235294106,8.25210084033614,0,1020.3549579831933,89.08697478991593,4.040042016806724,-999,-999,Thu Nov 13 2014 09:00:00 GMT-0500 (EST),-999
0x816C,9.74389121338912,9.623430962343091,0,1019.5490376569044,92.7903765690378,4.055062761506276,-999,-999,Thu Nov 13 2014 11:00:00 GMT-0500 (EST),-999
0x816C,10.473504273504279,10.442735042735054,0,1018.5442307692304,96.34786324786333,4.088119658119661,-999,-999,Thu Nov 13 2014 13:00:00 GMT-0500 (EST),-999
0x816C,8.845416666666667,8.874999999999995,0,1017.9273750000006,92.5441666666666,4.072791666666668,-999,-999,Thu Nov 13 2014 15:00:00 GMT-0500 (EST),-999
0x816C,6.276150627615066,6.315899581589965,0,1017.6814225941424,93.2518828451881,4.066903765690377,-999,-999,Thu Nov 13 2014 17:00:00 GMT-0500 (EST),-999
0x816C,6.716485355648513,6.55564853556484,0,1018.0674058577401,93.3673640167365,4.084560669456066,-999,-999,Thu Nov 13 2014 19:00:00 GMT-0500 (EST),-999
0x816C,6.032803347280332,6.024267782426784,0,1016.7921338912131,91.79916317991636,4.0608368200836855,-999,-999,Thu Nov 13 2014 21:00:00 GMT-0500 (EST),-999
0x816C,5.105606694560669,5.101673640167359,0,1015.927364016736,90.5317991631798,4.06338912133891,-999,-999,Thu Nov 13 2014 23:00:00 GMT-0500 (EST),-999
0x816C,3.8925416666666655,3.8925000000000036,0,1014.3042499999998,89.6216666666669,4.043541666666667,-999,-999,Fri Nov 14 2014 01:00:00 GMT-0500 (EST),-999
0x816C,1.896791666666668,1.9045833333333326,0,1009.9375000000001,90.52875000000004,4.059166666666666,-999,-999,Fri Nov 14 2014 03:00:00 GMT-0500 (EST),-999
0x816C,1.1301265822784834,1.1084388185653993,0,1010.1623628691982,94.14767932489463,4.051814345991562,-999,-999,Fri Nov 14 2014 05:00:00 GMT-0500 (EST),-999
0x816C,1.336307053941909,1.2925311203319514,0,1012.5085892116182,96.97925311203294,4.092365145228215,-999,-999,Fri Nov 14 2014 07:00:00 GMT-0500 (EST),-999
0x816C,3.9385416666666675,3.8733333333333357,0,1018.12025,95.67583333333329,4.050666666666667,-999,-999,Fri Nov 14 2014 09:00:00 GMT-0500 (EST),-999
0x816C,7.756317991631799,7.501255230125526,0,1018.1614644351463,94.02008368200845,4.075397489539751,-999,-999,Fri Nov 14 2014 11:00:00 GMT-0500 (EST),-999
0x816C,7.392142857142857,7.314285714285712,0,1014.7535714285714,97.66428571428574,3.9549999999999996,-999,-999,Fri Nov 14 2014 13:00:00 GMT-0500 (EST),-999
0x816C,-999,7.4569037656903845,0,1006.7442677824265,-999,3.9717991631799165,-999,-999,Tue Nov 18 2014 13:00:00 GMT-0500 (EST),-999
0x816C,-999,3.057740585774057,0,1007.9855648535563,-999,3.9536820083681965,-999,-999,Tue Nov 18 2014 15:00:00 GMT-0500 (EST),-999
0x816C,-999,-0.8649789029535869,0,1012.0971729957805,-999,3.9460337552742595,-999,-999,Tue Nov 18 2014 17:00:00 GMT-0500 (EST),-999
0x816C,-999,-2.884710743801651,0,1014.3743801652886,-999,3.9609504132231392,-999,-999,Tue Nov 18 2014 19:00:00 GMT-0500 (EST),-999
0x816C,-999,-4.71875,0,1015.4811666666666,-999,3.948291666666667,-999,-999,Tue Nov 18 2014 21:00:00 GMT-0500 (EST),-999
0x816C,-999,-5.275423728813545,0,1016.4556355932202,-999,3.9692796610169463,-999,-999,Tue Nov 18 2014 23:00:00 GMT-0500 (EST),-999
0x816C,-999,-6.087916666666675,0,1017.4492083333332,-999,3.983125000000001,-999,-999,Wed Nov 19 2014 01:00:00 GMT-0500 (EST),-999
0x816C,-999,-6.685833333333349,0,1018.522541666667,-999,3.9834583333333313,-999,-999,Wed Nov 19 2014 03:00:00 GMT-0500 (EST),-999
0x816C,-999,-6.890041493775939,0,1020.8812033195022,-999,3.956597510373446,-999,-999,Wed Nov 19 2014 05:00:00 GMT-0500 (EST),-999
0x816C,-999,-3.157142857142855,0,1022.6997058823521,-999,3.9709663865546183,-999,-999,Wed Nov 19 2014 07:00:00 GMT-0500 (EST),-999
0x816C,-999,0.022689075630252013,0,1023.6962184873958,-999,3.9668487394957967,-999,-999,Wed Nov 19 2014 09:00:00 GMT-0500 (EST),-999
0x816C,-999,2.4441176470588224,0,1023.5015126050416,-999,3.9708823529411785,-999,-999,Wed Nov 19 2014 11:00:00 GMT-0500 (EST),-999
0x816C,-999,3.6970954356846413,0,1022.7485892116179,-999,3.9920746887966803,-999,-999,Wed Nov 19 2014 13:00:00 GMT-0500 (EST),-999
0x816C,-999,0.6552742616033749,0,1022.9392405063285,-999,3.9761181434599164,-999,-999,Wed Nov 19 2014 15:00:00 GMT-0500 (EST),-999
0x816C,-999,-2.459243697478994,0,1023.1813865546221,-999,3.983529411764707,-999,-999,Wed Nov 19 2014 17:00:00 GMT-0500 (EST),-999
0x816C,-999,-4.957916666666659,0,1022.3035833333338,-999,3.9754999999999994,-999,-999,Wed Nov 19 2014 19:00:00 GMT-0500 (EST),-999
0x816C,-999,-5.394628099173555,0,1021.6183057851242,-999,3.9695454545454547,-999,-999,Wed Nov 19 2014 21:00:00 GMT-0500 (EST),-999
0x816C,-999,-2.7601694915254233,0,1021.6452118644066,-999,3.971991525423731,-999,-999,Wed Nov 19 2014 23:00:00 GMT-0500 (EST),-999
0x816C,-999,-1.0648760330578526,0,1019.7224793388427,-999,3.9726446280991756,-999,-999,Thu Nov 20 2014 01:00:00 GMT-0500 (EST),-999
0x816C,-999,-1.0109243697478971,0,1017.9493277310926,-999,3.9858403361344537,-999,-999,Thu Nov 20 2014 03:00:00 GMT-0500 (EST),-999
0x816C,-999,-2.3487500000000012,0,1016.1429166666671,-999,3.958583333333333,-999,-999,Thu Nov 20 2014 05:00:00 GMT-0500 (EST),-999
0x816C,-999,0.7170833333333329,0,1016.3022916666666,-999,3.989166666666664,-999,-999,Thu Nov 20 2014 07:00:00 GMT-0500 (EST),-999
0x816C,-999,7.010788381742739,0,1014.825145228216,-999,3.971535269709541,-999,-999,Thu Nov 20 2014 09:00:00 GMT-0500 (EST),-999
0x816C,-999,9.534728033472799,0,1012.377907949791,-999,3.9821338912133877,-999,-999,Thu Nov 20 2014 11:00:00 GMT-0500 (EST),-999
0x816C,-999,9.869294605809129,0,1010.6254771784228,-999,3.9500829875518675,-999,-999,Thu Nov 20 2014 13:00:00 GMT-0500 (EST),-999
0x816C,-999,7.375630252100841,0,1010.5676470588229,-999,3.9417647058823526,-999,-999,Thu Nov 20 2014 15:00:00 GMT-0500 (EST),-999
0x816C,-999,5.17689075630252,0,1012.613487394958,-999,3.9651260504201664,-999,-999,Thu Nov 20 2014 17:00:00 GMT-0500 (EST),-999
0x816C,-999,1.767083333333333,0,1013.8586666666664,-999,3.9846249999999994,-999,-999,Thu Nov 20 2014 19:00:00 GMT-0500 (EST),-999
0x816C,-999,-1.6399159663865532,0,1014.7150420168068,-999,3.9371848739495796,-999,-999,Thu Nov 20 2014 21:00:00 GMT-0500 (EST),-999
0x816C,-999,-2.998333333333334,0,1015.2854999999996,-999,3.9691249999999982,-999,-999,Thu Nov 20 2014 23:00:00 GMT-0500 (EST),-999
0x816C,-999,-3.1499999999999955,0,1016.3140909090913,-999,3.9984297520661154,-999,-999,Fri Nov 21 2014 01:00:00 GMT-0500 (EST),-999
0x816C,-999,-3.957916666666664,0,1017.1345833333332,-999,3.964833333333332,-999,-999,Fri Nov 21 2014 03:00:00 GMT-0500 (EST),-999
0x816C,-999,-5.830672268907559,0,1018.6140756302519,-999,4.0024369747899184,-999,-999,Fri Nov 21 2014 05:00:00 GMT-0500 (EST),-999
0x816C,-999,-2.210084033613448,0,1020.6054621848742,-999,3.9813865546218477,-999,-999,Fri Nov 21 2014 07:00:00 GMT-0500 (EST),-999
0x816C,-999,0.6878661087866115,0,1021.9019665271964,-999,3.96205020920502,-999,-999,Fri Nov 21 2014 09:00:00 GMT-0500 (EST),-999
0x816C,-999,3.743933054393306,0,1022.5772384937235,-999,3.98824267782427,-999,-999,Fri Nov 21 2014 11:00:00 GMT-0500 (EST),-999
0x816C,-999,6.175313807531372,0,1023.3235564853558,-999,3.9951046025104597,-999,-999,Fri Nov 21 2014 13:00:00 GMT-0500 (EST),-999
0x816C,-999,3.2619834710743785,0.004132231404958678,1026.2706198347112,-999,3.9744628099173576,-999,-999,Fri Nov 21 2014 15:00:00 GMT-0500 (EST),-999
0x816C,-999,-1.7257510729613728,0,1028.8753648068666,-999,3.9915021459227473,-999,-999,Fri Nov 21 2014 17:00:00 GMT-0500 (EST),-999
0x816C,-999,-4.71784232365145,0,1030.5943983402503,-999,3.965228215767633,-999,-999,Fri Nov 21 2014 19:00:00 GMT-0500 (EST),-999
0x816C,-999,-6.733750000000003,0,1031.6444583333332,-999,3.9629583333333325,-999,-999,Fri Nov 21 2014 21:00:00 GMT-0500 (EST),-999
0x816C,-999,-7.5366666666666555,0,1032.4778750000003,-999,3.9786666666666686,-999,-999,Fri Nov 21 2014 23:00:00 GMT-0500 (EST),-999
0x816C,-999,-9.383750000000003,0,1033.211791666667,-999,3.9778749999999965,-999,-999,Sat Nov 22 2014 01:00:00 GMT-0500 (EST),-999
0x816C,-999,-9.792436974789913,0,1033.0302521008402,-999,3.9423949579831947,-999,-999,Sat Nov 22 2014 03:00:00 GMT-0500 (EST),-999
0x816C,-999,-10.035169491525416,0,1033.962923728814,-999,3.972033898305083,-999,-999,Sat Nov 22 2014 05:00:00 GMT-0500 (EST),-999
0x816C,-999,-4.406224066390041,0,1032.794605809129,-999,3.9859336099585083,-999,-999,Sat Nov 22 2014 07:00:00 GMT-0500 (EST),-999
0x816C,-999,1.2239495798319326,0,1031.3922689075637,-999,3.948907563025211,-999,-999,Sat Nov 22 2014 09:00:00 GMT-0500 (EST),-999
0x816C,-999,5.650210970464143,0,1027.616413502109,-999,3.9855696202531634,-999,-999,Sat Nov 22 2014 11:00:00 GMT-0500 (EST),-999
0x816C,-999,6.552100840336126,0,1025.3871008403362,-999,3.970420168067229,-999,-999,Sat Nov 22 2014 13:00:00 GMT-0500 (EST),-999
0x816C,-999,4.488333333333327,0,1024.4083749999995,-999,3.9742083333333342,-999,-999,Sat Nov 22 2014 15:00:00 GMT-0500 (EST),-999
0x816C,-999,3.97573221757322,0,1023.4656485355649,-999,3.9691213389121316,-999,-999,Sat Nov 22 2014 17:00:00 GMT-0500 (EST),-999
0x816C,-999,4.7573221757322175,0,1022.4230125523019,-999,3.9785355648535585,-999,-999,Sat Nov 22 2014 19:00:00 GMT-0500 (EST),-999
0x816C,-999,5.120833333333328,0,1021.5418333333333,-999,3.9945000000000013,-999,-999,Sat Nov 22 2014 21:00:00 GMT-0500 (EST),-999
0x816C,-999,5.933054393305432,0,1021.6676569037653,-999,3.9920502092050216,-999,-999,Sat Nov 22 2014 23:00:00 GMT-0500 (EST),-999
0x816C,-999,6.431818181818182,0,1020.8972727272728,-999,4.035,-999,-999,Sun Nov 23 2014 01:00:00 GMT-0500 (EST),-999
0x816C,-999,15.010555555555552,1.0166666666666666,1023.9352777777775,-999,3.9416666666666673,-999,-999,Sun Nov 23 2014 11:00:00 GMT-0500 (EST),-999
0x816C,-999,16.53879310344829,1.206896551724138,1023.2021551724138,-999,3.9624137931034475,-999,-999,Sun Nov 23 2014 13:00:00 GMT-0500 (EST),-999
0x816C,-999,15.243589743589752,5.461538461538462,1015.2520512820519,-999,3.8256410256410263,-999,-999,Tue Nov 25 2014 07:00:00 GMT-0500 (EST),-999
0x816C,-999,16.346323529411762,4.426470588235294,1015.2014705882352,-999,3.8640441176470604,-999,-999,Tue Nov 25 2014 09:00:00 GMT-0500 (EST),-999
0x816C,-999,18.68940397350992,10.092715231788079,1015.5997350993383,-999,3.856887417218543,-999,-999,Tue Nov 25 2014 11:00:00 GMT-0500 (EST),-999
0x816C,-999,17.518410041841005,8.761506276150628,1015.105397489539,-999,3.885439330543931,-999,-999,Tue Nov 25 2014 13:00:00 GMT-0500 (EST),-999
0x816C,-999,15.059336099585055,8.344398340248963,1016.1035269709546,-999,3.885933609958506,-999,-999,Tue Nov 25 2014 15:00:00 GMT-0500 (EST),-999
0x816C,-999,12.386610878661088,7.585774058577406,1017.6221338912127,-999,3.8881171548117144,-999,-999,Tue Nov 25 2014 17:00:00 GMT-0500 (EST),-999
0x816C,-999,9.243983402489619,5.804979253112033,1019.7013278008302,-999,3.8807883817427395,-999,-999,Tue Nov 25 2014 19:00:00 GMT-0500 (EST),-999
0x816C,-999,7.4890295358650025,4.940928270042194,1021.414894514768,-999,3.9013080168776364,-999,-999,Tue Nov 25 2014 21:00:00 GMT-0500 (EST),-999
0x816C,-999,6.850207468879687,4.145228215767635,1022.6549377593356,-999,3.8869294605809173,-999,-999,Tue Nov 25 2014 23:00:00 GMT-0500 (EST),-999
0x816C,-999,6.664705882352931,3.0168067226890756,1023.4688655462187,-999,3.8850420168067217,-999,-999,Wed Nov 26 2014 01:00:00 GMT-0500 (EST),-999
0x816C,-999,6.488796680497917,3,1024.4409958506224,-999,3.8854356846473017,-999,-999,Wed Nov 26 2014 03:00:00 GMT-0500 (EST),-999
0x816C,-999,7.067364016736386,2.3682008368200838,1024.357405857741,-999,3.879037656903768,-999,-999,Wed Nov 26 2014 05:00:00 GMT-0500 (EST),-999
0x816C,-999,7.22689075630254,2.0588235294117645,1023.9852100840336,-999,3.8914705882352956,-999,-999,Wed Nov 26 2014 07:00:00 GMT-0500 (EST),-999
0x816C,-999,6.123749999999995,4.129166666666666,1023.7807500000002,-999,3.9010833333333315,-999,-999,Wed Nov 26 2014 09:00:00 GMT-0500 (EST),-999
0x816C,-999,5.698728813559345,3.5847457627118646,1022.1330932203389,-999,3.913601694915256,-999,-999,Wed Nov 26 2014 11:00:00 GMT-0500 (EST),-999
0x816C,-999,5.753932584269639,3,1021.3597752808987,-999,3.8989325842696614,-999,-999,Wed Nov 26 2014 13:00:00 GMT-0500 (EST),-999